account	M 12 4 C 14.209 4 16 5.791 16 8 C 16 10.209 14.209 12 12 12 C 9.791 12 8 10.209 8 8 C 8 5.791 9.791 4 12 4 M 12 14 C 16.42 14 20 15.79 20 18 L 20 20 L 4 20 L 4 18 C 4 15.79 7.58 14 12 14 Z
account-multiple	M 16 17 L 16 19 L 2 19 L 2 17 C 2 17 2 13 9 13 C 16 13 16 17 16 17 M 12.5 7.5 C 12.5 5.567 10.933 4 9 4 C 7.067 4 5.5 5.567 5.5 7.5 C 5.5 9.433 7.067 11 9 11 C 10.933 11 12.5 9.433 12.5 7.5 M 15.94 13 C 17.184 13.963 17.939 15.428 18 17 L 18 19 L 22 19 L 22 17 C 22 17 22 13.37 15.94 13 M 15 4 C 14.312 3.996 13.639 4.202 13.07 4.59 C 14.315 6.33 14.315 8.67 13.07 10.41 C 13.639 10.798 14.312 11.004 15 11 C 16.933 11 18.5 9.433 18.5 7.5 C 18.5 5.567 16.933 4 15 4 Z
air-filter	M 19 18.31 L 19 20 C 19 21.105 18.105 22 17 22 L 7 22 C 5.895 22 5 21.105 5 20 L 5 16.3 C 4.54 16.12 3.95 16 3 16 C 2.448 16 2 15.552 2 15 C 2 14.448 2.448 14 3 14 C 3.82 14 4.47 14.08 5 14.21 L 5 12.3 C 4.54 12.12 3.95 12 3 12 C 2.448 12 2 11.552 2 11 C 2 10.448 2.448 10 3 10 C 3.82 10 4.47 10.08 5 10.21 L 5 8.3 C 4.54 8.12 3.95 8 3 8 C 2.448 8 2 7.552 2 7 C 2 6.448 2.448 6 3 6 C 3.82 6 4.47 6.08 5 6.21 L 5 4 C 5 2.895 5.895 2 7 2 L 17 2 C 18.105 2 19 2.895 19 4 L 19 6.16 C 20.78 6.47 21.54 7.13 21.71 7.29 C 22.1 7.68 22.1 8.32 21.71 8.71 C 21.32 9.1 20.8 9.09 20.29 8.71 L 20.29 8.71 C 20.29 8.71 19.25 8 17 8 C 15.74 8 14.91 8.41 13.95 8.9 C 12.91 9.41 11.74 10 10 10 C 9.64 10 9.31 10 9 9.96 L 9 7.95 C 9.3 8 9.63 8 10 8 C 11.26 8 12.09 7.59 13.05 7.11 C 14.09 6.59 15.27 6 17 6 L 17 4 L 7 4 L 7 20 L 17 20 L 17 18 C 18.5 18 18.97 18.29 19 18.31 M 17 10 C 15.27 10 14.09 10.59 13.05 11.11 C 12.09 11.59 11.26 12 10 12 C 9.63 12 9.3 12 9 11.95 L 9 13.96 C 9.31 14 9.64 14 10 14 C 11.74 14 12.91 13.41 13.95 12.9 C 14.91 12.42 15.74 12 17 12 C 19.25 12 20.29 12.71 20.29 12.71 L 20.29 12.71 C 20.8 13.1 21.32 13.1 21.71 12.71 C 22.1 12.32 22.1 11.69 21.71 11.29 C 21.5 11.08 20.25 10 17 10 M 17 14 C 15.27 14 14.09 14.59 13.05 15.11 C 12.09 15.59 11.26 16 10 16 C 9.63 16 9.3 16 9 15.95 L 9 17.96 C 9.31 18 9.64 18 10 18 C 11.74 18 12.91 17.41 13.95 16.9 C 14.91 16.42 15.74 16 17 16 C 19.25 16 20.29 16.71 20.29 16.71 L 20.29 16.71 C 20.8 17.1 21.32 17.1 21.71 16.71 C 22.1 16.32 22.1 15.69 21.71 15.29 C 21.5 15.08 20.25 14 17 14 Z
air-humidifier	M 11 9 C 8.79 9 7 10.79 7 13 C 7 15.21 8.79 17 11 17 C 13.21 17 15 15.21 15 13 C 15 10.79 13.21 9 11 9 M 11 15 C 9.9 15 9 14.11 9 13 C 9 11.89 9.9 11 11 11 C 12.1 11 13 11.9 13 13 C 13 14.1 12.11 15 11 15 M 7 4 L 14 4 C 16.21 4 18 5.79 18 8 L 18 9 L 16 9 L 16 8 C 16 6.9 15.11 6 14 6 L 7 6 C 5.9 6 5 6.9 5 8 L 5 20 L 16 20 L 16 18 L 18 18 L 18 22 L 3 22 L 3 8 C 3 5.79 4.79 4 7 4 M 19 10.5 C 19 10.5 21 12.67 21 14 C 21 15.1 20.1 16 19 16 C 17.9 16 17 15.1 17 14 C 17 12.67 19 10.5 19 10.5
alert-circle	M 13 13 L 11 13 L 11 7 L 13 7 M 13 17 L 11 17 L 11 15 L 13 15 M 12 2 C 6.477 2 2 6.477 2 12 C 2 17.523 6.477 22 12 22 C 17.523 22 22 17.523 22 12 C 22 6.477 17.523 2 12 2 Z
alert-circle-outline	M 11 15 L 13 15 L 13 17 L 11 17 L 11 15 M 11 7 L 13 7 L 13 13 L 11 13 L 11 7 M 12 2 C 6.47 2 2 6.5 2 12 C 2 17.523 6.477 22 12 22 C 17.523 22 22 17.523 22 12 C 22 6.477 17.523 2 12 2 M 12 20 C 7.582 20 4 16.418 4 12 C 4 7.582 7.582 4 12 4 C 16.418 4 20 7.582 20 12 C 20 16.418 16.418 20 12 20 Z
arrow-left-right	M 6.45 17.45 L 1 12 L 6.45 6.55 L 7.86 7.96 L 4.83 11 L 19.17 11 L 16.14 7.96 L 17.55 6.55 L 23 12 L 17.55 17.45 L 16.14 16.04 L 19.17 13 L 4.83 13 L 7.86 16.04 L 6.45 17.45 Z
battery	M 16.67 4 L 15 4 L 15 2 L 9 2 L 9 4 L 7.33 4 C 6.595 4 6 4.595 6 5.33 L 6 20.67 C 6 21.4 6.6 22 7.33 22 L 16.67 22 C 17.405 22 18 21.405 18 20.67 L 18 5.33 C 18 4.6 17.4 4 16.67 4 Z
battery-charging	M 16.67 4 L 15 4 L 15 2 L 9 2 L 9 4 L 7.33 4 C 6.595 4 6 4.595 6 5.33 L 6 20.66 C 6 21.4 6.6 22 7.33 22 L 16.66 22 C 17.4 22 18 21.4 18 20.67 L 18 5.33 C 18 4.6 17.4 4 16.67 4 M 11 20 L 11 14.5 L 9 14.5 L 13 7 L 13 12.5 L 15 12.5
bed	M 19 7 L 11 7 L 11 14 L 3 14 L 3 5 L 1 5 L 1 20 L 3 20 L 3 17 L 21 17 L 21 20 L 23 20 L 23 11 C 23 8.791 21.209 7 19 7 M 7 13 C 8.657 13 10 11.657 10 10 C 10 8.343 8.657 7 7 7 C 5.343 7 4 8.343 4 10 C 4 11.657 5.343 13 7 13 Z
bookmark	M 17 3 L 7 3 C 5.895 3 5 3.895 5 5 L 5 21 L 12 18 L 19 21 L 19 5 C 19 3.89 18.1 3 17 3 Z
brightness-5	M 12 18 C 8.686 18 6 15.314 6 12 C 6 8.686 8.686 6 12 6 C 15.314 6 18 8.686 18 12 C 18 15.314 15.314 18 12 18 M 20 15.31 L 23.31 12 L 20 8.69 L 20 4 L 15.31 4 L 12 0.69 L 8.69 4 L 4 4 L 4 8.69 L 0.69 12 L 4 15.31 L 4 20 L 8.69 20 L 12 23.31 L 15.31 20 L 20 20 L 20 15.31 Z
bullhorn	M 12 8 L 4 8 C 2.895 8 2 8.895 2 10 L 2 14 C 2 15.105 2.895 16 4 16 L 5 16 L 5 20 C 5 20.552 5.448 21 6 21 L 8 21 C 8.552 21 9 20.552 9 20 L 9 16 L 12 16 L 17 20 L 17 4 L 12 8 M 21.5 12 C 21.5 13.71 20.54 15.26 19 16 L 19 8 C 20.53 8.75 21.5 10.3 21.5 12 Z
button-pointer	M 20 20.5 C 20 21.3 19.3 22 18.5 22 L 13 22 C 12.6 22 12.3 21.9 12 21.6 L 8 17.4 L 8.7 16.6 C 8.9 16.4 9.2 16.3 9.5 16.3 L 9.7 16.3 L 12 18 L 12 9 C 12 8.4 12.4 8 13 8 C 13.6 8 14 8.4 14 9 L 14 13.5 L 15.2 13.6 L 19.1 15.8 C 19.6 16 20 16.6 20 17.1 L 20 20.5 M 20 2 L 4 2 C 2.9 2 2 2.9 2 4 L 2 12 C 2 13.1 2.9 14 4 14 L 8 14 L 8 12 L 4 12 L 4 4 L 20 4 L 20 12 L 18 12 L 18 14 L 20 14 C 21.1 14 22 13.1 22 12 L 22 4 C 22 2.9 21.1 2 20 2 Z
calendar	M 19 19 L 5 19 L 5 8 L 19 8 M 16 1 L 16 3 L 8 3 L 8 1 L 6 1 L 6 3 L 5 3 C 3.89 3 3 3.89 3 5 L 3 19 C 3 20.105 3.895 21 5 21 L 19 21 C 20.105 21 21 20.105 21 19 L 21 5 C 21 3.89 20.1 3 19 3 L 18 3 L 18 1 M 17 12 L 12 12 L 12 17 L 17 17 L 17 12 Z
car	M 5 11 L 6.5 6.5 L 17.5 6.5 L 19 11 M 17.5 16 C 16.672 16 16 15.328 16 14.5 C 16 13.672 16.672 13 17.5 13 C 18.328 13 19 13.672 19 14.5 C 19 15.328 18.328 16 17.5 16 M 6.5 16 C 5.672 16 5 15.328 5 14.5 C 5 13.672 5.672 13 6.5 13 C 7.328 13 8 13.672 8 14.5 C 8 15.328 7.328 16 6.5 16 M 18.92 6 C 18.72 5.42 18.16 5 17.5 5 L 6.5 5 C 5.84 5 5.28 5.42 5.08 6 L 3 12 L 3 20 C 3 20.552 3.448 21 4 21 L 5 21 C 5.552 21 6 20.552 6 20 L 6 19 L 18 19 L 18 20 C 18 20.552 18.448 21 19 21 L 20 21 C 20.552 21 21 20.552 21 20 L 21 12 L 18.92 6 Z
car-electric	M 18.92 2 C 18.72 1.42 18.16 1 17.5 1 L 6.5 1 C 5.84 1 5.29 1.42 5.08 2 L 3 8 L 3 16 C 3 16.55 3.45 17 4 17 L 5 17 C 5.55 17 6 16.55 6 16 L 6 15 L 18 15 L 18 16 C 18 16.55 18.45 17 19 17 L 20 17 C 20.55 17 21 16.55 21 16 L 21 8 L 18.92 2 M 6.5 12 C 5.67 12 5 11.33 5 10.5 C 5 9.67 5.67 9 6.5 9 C 7.33 9 8 9.67 8 10.5 C 8 11.33 7.33 12 6.5 12 M 17.5 12 C 16.67 12 16 11.33 16 10.5 C 16 9.67 16.67 9 17.5 9 C 18.33 9 19 9.67 19 10.5 C 19 11.33 18.33 12 17.5 12 M 5 7 L 6.5 2.5 L 17.5 2.5 L 19 7 L 5 7 M 7 20 L 11 20 L 11 18 L 17 21 L 13 21 L 13 23 L 7 20 Z
cash	M 3 6 L 21 6 L 21 18 L 3 18 L 3 6 M 12 9 C 13.657 9 15 10.343 15 12 C 15 13.657 13.657 15 12 15 C 10.343 15 9 13.657 9 12 C 9 10.343 10.343 9 12 9 M 7 8 C 7 9.105 6.105 10 5 10 L 5 14 C 6.105 14 7 14.895 7 16 L 17 16 C 17 14.895 17.895 14 19 14 L 19 10 C 17.895 10 17 9.105 17 8 L 7 8 Z
cast	M 1 10 L 1 12 C 5.971 12 10 16.029 10 21 L 12 21 C 12 14.92 7.07 10 1 10 M 1 14 L 1 16 C 3.761 16 6 18.239 6 21 L 8 21 C 8 17.134 4.866 14 1 14 M 1 18 L 1 21 L 4 21 C 4 19.343 2.657 18 1 18 M 21 3 L 3 3 C 1.89 3 1 3.89 1 5 L 1 8 L 3 8 L 3 5 L 21 5 L 21 19 L 14 19 L 14 21 L 21 21 C 22.105 21 23 20.105 23 19 L 23 5 C 23 3.89 22.1 3 21 3 Z
cat	M 12 8 L 10.67 8.09 C 9.81 7.07 7.4 4.5 5 4.5 C 5 4.5 3.03 7.46 4.96 11.41 C 4.41 12.24 4.07 12.67 4 13.66 L 2.07 13.95 L 2.28 14.93 L 4.04 14.67 L 4.18 15.38 L 2.61 16.32 L 3.08 17.21 L 4.53 16.32 C 5.68 18.76 8.59 20 12 20 C 15.41 20 18.32 18.76 19.47 16.32 L 20.92 17.21 L 21.39 16.32 L 19.82 15.38 L 19.96 14.67 L 21.72 14.93 L 21.93 13.95 L 20 13.66 C 19.93 12.67 19.59 12.24 19.04 11.41 C 20.97 7.46 19 4.5 19 4.5 C 16.6 4.5 14.19 7.07 13.33 8.09 L 12 8 M 9 11 C 9.552 11 10 11.448 10 12 C 10 12.552 9.552 13 9 13 C 8.448 13 8 12.552 8 12 C 8 11.448 8.448 11 9 11 M 15 11 C 15.552 11 16 11.448 16 12 C 16 12.552 15.552 13 15 13 C 14.448 13 14 12.552 14 12 C 14 11.448 14.448 11 15 11 M 11 14 L 13 14 L 12.3 15.39 C 12.5 16.03 13.06 16.5 13.75 16.5 C 14.578 16.5 15.25 15.828 15.25 15 L 15.75 15 C 15.75 16.105 14.855 17 13.75 17 C 13 17 12.35 16.59 12 16 L 12 16 L 12 16 C 11.65 16.59 11 17 10.25 17 C 9.145 17 8.25 16.105 8.25 15 L 8.75 15 C 8.75 15.828 9.422 16.5 10.25 16.5 C 10.94 16.5 11.5 16.03 11.7 15.39 L 11 14 Z
ceiling-fan	M 8 3 L 8 5 L 11 5 L 11 10.27 C 10.38 10.63 10 11.29 10 12 L 10 13 L 14 13 L 14 12 C 14 11.29 13.62 10.63 13 10.27 L 13 5 L 16 5 L 16 3 L 8 3 M 6 12 C 3.79 12 2 12.67 2 13.5 C 2 14.33 3.79 15 6 15 C 8.21 15 10 14.33 10 13.5 C 10 12.67 8.21 12 6 12 M 18 12 C 15.79 12 14 12.67 14 13.5 C 14 14.33 15.79 15 18 15 C 20.21 15 22 14.33 22 13.5 C 22 12.67 20.21 12 18 12 M 10 14 L 10 15 C 10 15.72 10.38 16.38 11 16.73 C 11.62 17.09 12.38 17.09 13 16.73 C 13.62 16.38 14 15.71 14 15 L 14 14 L 10 14 Z
ceiling-light	M 8 9 L 11 9 L 11 4 L 13 4 L 13 9 L 16 9 L 20 17 L 4 17 L 8 9 M 14 18 C 14 19.105 13.105 20 12 20 C 10.895 20 10 19.105 10 18 L 14 18 Z
check-network-outline	M 15 20 C 15 19.448 14.552 19 14 19 L 13 19 L 13 17 L 17 17 C 18.105 17 19 16.105 19 15 L 19 5 C 19 3.895 18.105 3 17 3 L 7 3 C 5.895 3 5 3.895 5 5 L 5 15 C 5 16.105 5.895 17 7 17 L 11 17 L 11 19 L 10 19 C 9.448 19 9 19.448 9 20 L 2 20 L 2 22 L 9 22 C 9 22.552 9.448 23 10 23 L 14 23 C 14.552 23 15 22.552 15 22 L 22 22 L 22 20 L 15 20 M 7 15 L 7 5 L 17 5 L 17 15 L 7 15 M 8 10.37 L 9.24 9.13 L 10.93 10.83 L 14.76 7 L 16 8.5 L 10.93 13.57 L 8 10.37 Z
checkbox-blank-circle-outline	M 12 20 C 7.582 20 4 16.418 4 12 C 4 7.582 7.582 4 12 4 C 16.418 4 20 7.582 20 12 C 20 16.418 16.418 20 12 20 M 12 2 C 6.477 2 2 6.477 2 12 C 2 17.523 6.477 22 12 22 C 17.523 22 22 17.523 22 12 C 22 6.477 17.523 2 12 2 Z
checkbox-marked-circle	M 10 17 L 5 12 L 6.41 10.58 L 10 14.17 L 17.59 6.58 L 19 8 M 12 2 C 6.477 2 2 6.477 2 12 C 2 17.523 6.477 22 12 22 C 17.523 22 22 17.523 22 12 C 22 6.477 17.523 2 12 2 Z
checkbox-marked-circle-outline	M 20 12 C 20 16.418 16.418 20 12 20 C 7.582 20 4 16.418 4 12 C 4 7.582 7.582 4 12 4 C 12.76 4 13.5 4.11 14.2 4.31 L 15.77 2.74 C 14.61 2.26 13.34 2 12 2 C 6.477 2 2 6.477 2 12 C 2 17.523 6.477 22 12 22 C 17.523 22 22 17.523 22 12 M 7.91 10.08 L 6.5 11.5 L 11 16 L 21 6 L 19.59 4.58 L 11 13.17 L 7.91 10.08 Z
clipboard-list	M 19 3 L 14.82 3 C 14.4 1.84 13.3 1 12 1 C 10.7 1 9.6 1.84 9.18 3 L 5 3 C 3.9 3 3 3.9 3 5 L 3 19 C 3 20.1 3.9 21 5 21 L 19 21 C 20.1 21 21 20.1 21 19 L 21 5 C 21 3.9 20.1 3 19 3 M 7 8 L 9 8 L 9 12 L 8 12 L 8 9 L 7 9 L 7 8 M 10 17 L 10 18 L 7 18 L 7 17.08 L 9 15 L 7 15 L 7 14 L 9.25 14 C 9.66 14 10 14.34 10 14.75 C 10 14.95 9.92 15.14 9.79 15.27 L 8.12 17 L 10 17 M 11 4 C 11 3.45 11.45 3 12 3 C 12.55 3 13 3.45 13 4 C 13 4.55 12.55 5 12 5 C 11.45 5 11 4.55 11 4 M 17 17 L 12 17 L 12 15 L 17 15 L 17 17 M 17 11 L 12 11 L 12 9 L 17 9 L 17 11 Z
clock	M 12 2 C 6.477 2 2 6.477 2 12 C 2 17.523 6.477 22 12 22 C 17.523 22 22 17.523 22 12 C 22 6.477 17.523 2 12 2 M 16.2 16.2 L 11 13 L 11 7 L 12.5 7 L 12.5 12.2 L 17 14.9 L 16.2 16.2 Z
close-network-outline	M 15 20 C 15 19.448 14.552 19 14 19 L 13 19 L 13 17 L 17 17 C 18.105 17 19 16.105 19 15 L 19 5 C 19 3.895 18.105 3 17 3 L 7 3 C 5.895 3 5 3.895 5 5 L 5 15 C 5 16.105 5.895 17 7 17 L 11 17 L 11 19 L 10 19 C 9.448 19 9 19.448 9 20 L 2 20 L 2 22 L 9 22 C 9 22.552 9.448 23 10 23 L 14 23 C 14.552 23 15 22.552 15 22 L 22 22 L 22 20 L 15 20 M 7 15 L 7 5 L 17 5 L 17 15 L 7 15 M 15.54 12.12 L 13.41 10 L 15.53 7.87 L 14.12 6.46 L 12 8.59 L 9.88 6.46 L 8.47 7.87 L 10.59 10 L 8.47 12.13 L 9.88 13.54 L 12 11.41 L 14.12 13.54 L 15.54 12.12 Z
coffee-maker	M 18 6 L 18 4 L 20 4 L 20 2 L 6 2 C 4.9 2 4 2.9 4 4 L 4 20 C 4 21.1 4.9 22 6 22 L 20 22 L 20 20 L 15.97 20 C 17.2 19.09 18 17.64 18 16 L 18 11 L 8 11 L 8 16 C 8 17.64 8.81 19.09 10.03 20 L 6 20 L 6 4 L 8 4 L 8 6 C 8 6.55 8.45 7 9 7 L 17 7 C 17.55 7 18 6.55 18 6 M 13 8 C 13.55 8 14 8.45 14 9 C 14 9.55 13.55 10 13 10 C 12.45 10 12 9.55 12 9 C 12 8.45 12.45 8 13 8 Z
current-ac	M 12.43 11 C 12.28 10.84 10 7 7 7 C 4 7 2.32 10.18 2 11 L 2 13 L 11.57 13 C 11.72 13.16 14 17 17 17 C 20 17 21.68 13.82 22 13 L 22 11 L 12.43 11 M 7 9 C 8.17 9 9.18 9.85 10 11 L 4.31 11 C 4.78 10.17 5.54 9 7 9 M 17 15 C 15.83 15 14.82 14.15 14 13 L 19.69 13 C 19.22 13.83 18.46 15 17 15 Z
desk-lamp	M 10.85 2 L 9.18 4.5 L 10.32 5.25 L 7.14 10 C 7.1 10 7.05 10 7 10 C 5.895 10 5 10.895 5 12 C 5 12.94 5.66 13.75 6.58 13.95 L 10.62 20 L 7 20 L 7 22 L 17 22 L 17 20 L 13 20 L 8.53 13.28 C 8.83 12.92 9 12.47 9 12 C 9 11.7 8.93 11.4 8.8 11.13 L 12 6.37 C 11.78 8.05 12.75 9.89 14.45 11 L 18.89 4.37 C 17.2 3.24 15.12 3.04 13.65 3.87 L 10.85 2 M 18.33 7 L 16.67 9.5 C 17.35 9.95 18.29 9.77 18.75 9.08 C 19.21 8.39 19 7.46 18.33 7 Z
dishwasher	M 18 2 L 6 2 C 4.895 2 4 2.895 4 4 L 4 20 C 4 21.105 4.895 22 6 22 L 18 22 C 19.105 22 20 21.105 20 20 L 20 4 C 20 2.895 19.105 2 18 2 M 10 4 C 10.552 4 11 4.448 11 5 C 11 5.552 10.552 6 10 6 C 9.448 6 9 5.552 9 5 C 9 4.448 9.448 4 10 4 M 7 4 C 7.552 4 8 4.448 8 5 C 8 5.552 7.552 6 7 6 C 6.448 6 6 5.552 6 5 C 6 4.448 6.448 4 7 4 M 18 20 L 6 20 L 6 8 L 18 8 L 18 20 M 14.67 15.33 C 14.69 16.03 14.41 16.71 13.91 17.21 C 12.86 18.26 11.15 18.27 10.09 17.21 C 9.59 16.71 9.31 16.03 9.33 15.33 C 9.4 14.62 9.63 13.94 10 13.33 C 10.37 12.5 10.81 11.73 11.33 11 L 12 10 C 13.79 12.59 14.67 14.36 14.67 15.33
dog	M 18 4 C 16.29 4 15.25 4.33 14.65 4.61 C 13.88 4.23 13 4 12 4 C 11 4 10.12 4.23 9.35 4.61 C 8.75 4.33 7.71 4 6 4 C 3 4 1 12 1 14 C 1 14.83 2.32 15.59 4.14 15.9 C 4.78 18.14 7.8 19.85 11.5 20 L 11.5 15.72 C 10.91 15.35 10 14.68 10 14 C 10 13 12 13 12 13 C 12 13 14 13 14 14 C 14 14.68 13.09 15.35 12.5 15.72 L 12.5 20 C 16.2 19.85 19.22 18.14 19.86 15.9 C 21.68 15.59 23 14.83 23 14 C 23 12 21 4 18 4 M 4.15 13.87 C 3.65 13.75 3.26 13.61 3 13.5 C 3.25 10.73 5.2 6.4 6.05 6 C 6.59 6 7 6.06 7.37 6.11 C 5.27 8.42 4.44 12.04 4.15 13.87 M 9 12 C 8.448 12 8 11.552 8 11 C 8 10.46 8.45 10 9 10 C 9.552 10 10 10.448 10 11 C 10 11.56 9.55 12 9 12 M 15 12 C 14.448 12 14 11.552 14 11 C 14 10.46 14.45 10 15 10 C 15.552 10 16 10.448 16 11 C 16 11.56 15.55 12 15 12 M 19.85 13.87 C 19.56 12.04 18.73 8.42 16.63 6.11 C 17 6.06 17.41 6 17.95 6 C 18.8 6.4 20.75 10.73 21 13.5 C 20.75 13.61 20.36 13.75 19.85 13.87 Z
door	M 8 3 C 6.89 3 6 3.89 6 5 L 6 21 L 18 21 L 18 5 C 18 3.89 17.11 3 16 3 L 8 3 M 8 5 L 16 5 L 16 19 L 8 19 L 8 5 M 13 11 L 13 13 L 15 13 L 15 11 L 13 11 Z
door-closed	M 16 11 L 18 11 L 18 13 L 16 13 L 16 11 M 12 3 L 19 3 C 20.11 3 21 3.89 21 5 L 21 19 L 22 19 L 22 21 L 2 21 L 2 19 L 10 19 L 10 5 C 10 3.89 10.89 3 12 3 M 12 5 L 12 19 L 19 19 L 19 5 L 12 5 Z
door-open	M 12 3 C 10.89 3 10 3.89 10 5 L 3 5 L 3 19 L 2 19 L 2 21 L 22 21 L 22 19 L 21 19 L 21 5 C 21 3.89 20.11 3 19 3 L 12 3 M 12 5 L 19 5 L 19 19 L 12 19 L 12 5 M 5 11 L 7 11 L 7 13 L 5 13 L 5 11 Z
doorbell	M 12 10 C 10.9 10 10 10.9 10 12 C 10 13.1 10.9 14 12 14 C 13.1 14 14 13.1 14 12 C 14 10.9 13.1 10 12 10 M 16 2 L 8 2 C 6.9 2 6 2.9 6 4 L 6 20 C 6 21.1 6.9 22 8 22 L 16 22 C 17.1 22 18 21.1 18 20 L 18 4 C 18 2.9 17.1 2 16 2 M 16 20 L 8 20 L 8 4 L 16 4 L 16 20 Z
ev-station	M 19.77 7.23 L 19.78 7.22 L 16.06 3.5 L 15 4.56 L 17.11 6.67 C 16.17 7.03 15.5 7.93 15.5 9 C 15.5 10.381 16.619 11.5 18 11.5 C 18.36 11.5 18.69 11.42 19 11.29 L 19 18.5 C 19 19.052 18.552 19.5 18 19.5 C 17.448 19.5 17 19.052 17 18.5 L 17 14 C 17 12.895 16.105 12 15 12 L 14 12 L 14 5 C 14 3.895 13.105 3 12 3 L 6 3 C 4.895 3 4 3.895 4 5 L 4 21 L 14 21 L 14 13.5 L 15.5 13.5 L 15.5 18.5 C 15.5 19.881 16.619 21 18 21 C 19.381 21 20.5 19.881 20.5 18.5 L 20.5 9 C 20.5 8.31 20.22 7.68 19.77 7.23 M 18 10 C 17.448 10 17 9.552 17 9 C 17 8.448 17.448 8 18 8 C 18.552 8 19 8.448 19 9 C 19 9.552 18.552 10 18 10 M 8 18 L 8 13.5 L 6 13.5 L 10 6 L 10 11 L 12 11 L 8 18 Z
eye	M 12 9 C 10.343 9 9 10.343 9 12 C 9 13.657 10.343 15 12 15 C 13.657 15 15 13.657 15 12 C 15 10.343 13.657 9 12 9 M 12 17 C 9.239 17 7 14.761 7 12 C 7 9.239 9.239 7 12 7 C 14.761 7 17 9.239 17 12 C 17 14.761 14.761 17 12 17 M 12 4.5 C 7 4.5 2.73 7.61 1 12 C 2.73 16.39 7 19.5 12 19.5 C 17 19.5 21.27 16.39 23 12 C 21.27 7.61 17 4.5 12 4.5 Z
fan	M 12 11 C 11.448 11 11 11.448 11 12 C 11 12.552 11.448 13 12 13 C 12.552 13 13 12.552 13 12 C 13 11.448 12.552 11 12 11 M 12.5 2 C 17 2 17.11 5.57 14.75 6.75 C 13.76 7.24 13.32 8.29 13.13 9.22 C 13.61 9.42 14.03 9.73 14.35 10.13 C 18.05 8.13 22.03 8.92 22.03 12.5 C 22.03 17 18.46 17.1 17.28 14.73 C 16.78 13.74 15.72 13.3 14.79 13.11 C 14.59 13.59 14.28 14 13.88 14.34 C 15.87 18.03 15.08 22 11.5 22 C 7 22 6.91 18.42 9.27 17.24 C 10.25 16.75 10.69 15.71 10.89 14.79 C 10.4 14.59 9.97 14.27 9.65 13.87 C 5.96 15.85 2 15.07 2 11.5 C 2 7 5.56 6.89 6.74 9.26 C 7.24 10.25 8.29 10.68 9.22 10.87 C 9.41 10.39 9.73 9.97 10.14 9.65 C 8.15 5.96 8.94 2 12.5 2 Z
fan-off	M 12.5 2 C 9.64 2 8.57 4.55 9.29 7.47 L 15 13.16 C 15.87 13.37 16.81 13.81 17.28 14.73 C 18.46 17.1 22.03 17 22.03 12.5 C 22.03 8.92 18.05 8.13 14.35 10.13 C 14.03 9.73 13.61 9.42 13.13 9.22 C 13.32 8.29 13.76 7.24 14.75 6.75 C 17.11 5.57 17 2 12.5 2 M 3.28 4 L 2 5.27 L 4.47 7.73 C 3.22 7.74 2 8.87 2 11.5 C 2 15.07 5.96 15.85 9.65 13.87 C 9.97 14.27 10.4 14.59 10.89 14.79 C 10.69 15.71 10.25 16.75 9.27 17.24 C 6.91 18.42 7 22 11.5 22 C 13.8 22 14.94 20.36 14.94 18.21 L 18.73 22 L 20 20.72 L 3.28 4 Z
fire	M 17.66 11.2 C 17.43 10.9 17.15 10.64 16.89 10.38 C 16.22 9.78 15.46 9.35 14.82 8.72 C 13.33 7.26 13 4.85 13.95 3 C 13 3.23 12.17 3.75 11.46 4.32 C 8.87 6.4 7.85 10.07 9.07 13.22 C 9.11 13.32 9.15 13.42 9.15 13.55 C 9.15 13.77 9 13.97 8.8 14.05 C 8.57 14.15 8.33 14.09 8.14 13.93 C 8.08 13.88 8.04 13.83 8 13.76 C 6.87 12.33 6.69 10.28 7.45 8.64 C 5.78 10 4.87 12.3 5 14.47 C 5.06 14.97 5.12 15.47 5.29 15.97 C 5.43 16.57 5.7 17.17 6 17.7 C 7.08 19.43 8.95 20.67 10.96 20.92 C 13.1 21.19 15.39 20.8 17.03 19.32 C 18.86 17.66 19.5 15 18.56 12.72 L 18.43 12.46 C 18.22 12 17.66 11.2 17.66 11.2 M 14.5 17.5 C 14.22 17.74 13.76 18 13.4 18.1 C 12.28 18.5 11.16 17.94 10.5 17.28 C 11.69 17 12.4 16.12 12.61 15.23 C 12.78 14.43 12.46 13.77 12.33 13 C 12.21 12.26 12.23 11.63 12.5 10.94 C 12.69 11.32 12.89 11.7 13.13 12 C 13.9 13 15.11 13.44 15.37 14.8 C 15.41 14.94 15.43 15.08 15.43 15.23 C 15.46 16.05 15.1 16.95 14.5 17.5 L 14.5 17.5 Z
flash	M 7 2 L 7 13 L 10 13 L 10 22 L 17 10 L 13 10 L 17 2 L 7 2 Z
floor-lamp	M 15 2 L 17 9 L 7 9 L 9 2 M 11 10 L 13 10 L 13 20 L 16 20 L 16 22 L 8 22 L 8 20 L 11 20 L 11 10 Z
flower	M 3 13 C 3 17.971 7.029 22 12 22 C 12 17 7.97 13 3 13 M 12 5.5 C 13.381 5.5 14.5 6.619 14.5 8 C 14.5 9.381 13.381 10.5 12 10.5 C 10.619 10.5 9.5 9.381 9.5 8 C 9.5 6.619 10.619 5.5 12 5.5 M 5.6 10.25 C 5.6 11.631 6.719 12.75 8.1 12.75 C 8.63 12.75 9.12 12.58 9.5 12.31 C 9.5 12.37 9.5 12.43 9.5 12.5 C 9.5 13.881 10.619 15 12 15 C 13.381 15 14.5 13.881 14.5 12.5 C 14.5 12.43 14.5 12.37 14.5 12.31 C 14.88 12.58 15.37 12.75 15.9 12.75 C 17.28 12.75 18.4 11.63 18.4 10.25 C 18.4 9.25 17.81 8.4 16.97 8 C 17.81 7.6 18.4 6.74 18.4 5.75 C 18.4 4.37 17.28 3.25 15.9 3.25 C 15.37 3.25 14.88 3.41 14.5 3.69 C 14.5 3.63 14.5 3.56 14.5 3.5 C 14.5 2.119 13.381 1 12 1 C 10.619 1 9.5 2.119 9.5 3.5 C 9.5 3.56 9.5 3.63 9.5 3.69 C 9.12 3.41 8.63 3.25 8.1 3.25 C 6.719 3.25 5.6 4.369 5.6 5.75 C 5.6 6.74 6.19 7.6 7.03 8 C 6.19 8.4 5.6 9.25 5.6 10.25 M 12 22 C 16.971 22 21 17.971 21 13 C 16 13 12 17 12 22 Z
format-list-bulleted	M 7 5 L 21 5 L 21 7 L 7 7 L 7 5 M 7 13 L 7 11 L 21 11 L 21 13 L 7 13 M 4 4.5 C 4.828 4.5 5.5 5.172 5.5 6 C 5.5 6.828 4.828 7.5 4 7.5 C 3.172 7.5 2.5 6.828 2.5 6 C 2.5 5.172 3.172 4.5 4 4.5 M 4 10.5 C 4.828 10.5 5.5 11.172 5.5 12 C 5.5 12.828 4.828 13.5 4 13.5 C 3.172 13.5 2.5 12.828 2.5 12 C 2.5 11.172 3.172 10.5 4 10.5 M 7 19 L 7 17 L 21 17 L 21 19 L 7 19 M 4 16.5 C 4.828 16.5 5.5 17.172 5.5 18 C 5.5 18.828 4.828 19.5 4 19.5 C 3.172 19.5 2.5 18.828 2.5 18 C 2.5 17.172 3.172 16.5 4 16.5 Z
fridge	M 7 2 L 17 2 C 18.105 2 19 2.895 19 4 L 19 9 L 5 9 L 5 4 C 5 2.895 5.895 2 7 2 M 19 19 C 19 20.105 18.105 21 17 21 L 17 22 L 15 22 L 15 21 L 9 21 L 9 22 L 7 22 L 7 21 C 5.895 21 5 20.105 5 19 L 5 10 L 19 10 L 19 19 M 8 5 L 8 7 L 10 7 L 10 5 L 8 5 M 8 12 L 8 15 L 10 15 L 10 12 L 8 12 Z
gamepad-variant	M 7 6 L 17 6 C 20.314 6 23 8.686 23 12 C 23 15.314 20.314 18 17 18 C 15.22 18 13.63 17.23 12.53 16 L 11.47 16 C 10.37 17.23 8.78 18 7 18 C 3.686 18 1 15.314 1 12 C 1 8.686 3.686 6 7 6 M 6 9 L 6 11 L 4 11 L 4 13 L 6 13 L 6 15 L 8 15 L 8 13 L 10 13 L 10 11 L 8 11 L 8 9 L 6 9 M 15.5 12 C 14.672 12 14 12.672 14 13.5 C 14 14.328 14.672 15 15.5 15 C 16.328 15 17 14.328 17 13.5 C 17 12.672 16.328 12 15.5 12 M 18.5 9 C 17.672 9 17 9.672 17 10.5 C 17 11.328 17.672 12 18.5 12 C 19.328 12 20 11.328 20 10.5 C 20 9.672 19.328 9 18.5 9 Z
garage	M 19 20 L 17 20 L 17 11 L 7 11 L 7 20 L 5 20 L 5 9 L 12 5 L 19 9 L 19 20 M 8 12 L 16 12 L 16 14 L 8 14 L 8 12 M 8 15 L 16 15 L 16 17 L 8 17 L 8 15 M 16 18 L 16 20 L 8 20 L 8 18 L 16 18 Z
garage-open	M 19 20 L 17 20 L 17 11 L 7 11 L 7 20 L 5 20 L 5 9 L 12 5 L 19 9 L 19 20 M 8 12 L 16 12 L 16 14 L 8 14 L 8 12 Z
gate	M 9 6 L 9 11 L 7 11 L 7 7 L 5 7 L 5 11 L 3 11 L 3 9 L 1 9 L 1 21 L 3 21 L 3 19 L 5 19 L 5 21 L 7 21 L 7 19 L 9 19 L 9 21 L 11 21 L 11 19 L 13 19 L 13 21 L 15 21 L 15 19 L 17 19 L 17 21 L 19 21 L 19 19 L 21 19 L 21 21 L 23 21 L 23 9 L 21 9 L 21 11 L 19 11 L 19 7 L 17 7 L 17 11 L 15 11 L 15 6 L 13 6 L 13 11 L 11 11 L 11 6 L 9 6 M 3 13 L 5 13 L 5 17 L 3 17 L 3 13 M 7 13 L 9 13 L 9 17 L 7 17 L 7 13 M 11 13 L 13 13 L 13 17 L 11 17 L 11 13 M 15 13 L 17 13 L 17 17 L 15 17 L 15 13 M 19 13 L 21 13 L 21 17 L 19 17 L 19 13 Z
gauge	M 12 2 C 6.477 2 2 6.477 2 12 C 2 17.523 6.477 22 12 22 C 17.523 22 22 17.523 22 12 C 22 6.477 17.523 2 12 2 M 12 4 C 16.418 4 20 7.582 20 12 C 20 14.4 19 16.5 17.3 18 C 15.9 16.7 14 16 12 16 C 10 16 8.2 16.7 6.7 18 C 5 16.5 4 14.4 4 12 C 4 7.582 7.582 4 12 4 M 14 5.89 C 13.62 5.9 13.26 6.15 13.1 6.54 L 11.81 9.77 L 11.71 10 C 11 10.13 10.41 10.6 10.14 11.26 C 9.73 12.29 10.23 13.45 11.26 13.86 C 12.29 14.27 13.45 13.77 13.86 12.74 C 14.12 12.08 14 11.32 13.57 10.76 L 13.67 10.5 L 14.96 7.29 L 14.97 7.26 C 15.17 6.75 14.92 6.17 14.41 5.96 C 14.28 5.91 14.15 5.89 14 5.89 M 10 6 C 9.448 6 9 6.448 9 7 C 9 7.552 9.448 8 10 8 C 10.552 8 11 7.552 11 7 C 11 6.448 10.552 6 10 6 M 7 9 C 6.448 9 6 9.448 6 10 C 6 10.552 6.448 11 7 11 C 7.552 11 8 10.552 8 10 C 8 9.448 7.552 9 7 9 M 17 9 C 16.448 9 16 9.448 16 10 C 16 10.552 16.448 11 17 11 C 17.552 11 18 10.552 18 10 C 18 9.448 17.552 9 17 9 Z
heat-wave	M 8.5 4.5 L 5.4 9.5 L 8.5 14.7 L 5.2 20.5 L 3.4 19.6 L 6.1 14.7 L 3 9.5 L 6.7 3.6 L 8.5 4.5 M 14.7 4.4 L 11.6 9.5 L 14.7 14.5 L 11.4 20.3 L 9.6 19.4 L 12.3 14.5 L 9.2 9.5 L 12.9 3.5 L 14.7 4.4 M 21 4.4 L 17.9 9.5 L 21 14.5 L 17.7 20.3 L 15.9 19.4 L 18.6 14.5 L 15.5 9.5 L 19.2 3.5 L 21 4.4
home	M 10 20 L 10 14 L 14 14 L 14 20 L 19 20 L 19 12 L 22 12 L 12 3 L 2 12 L 5 12 L 5 20 L 10 20 Z
home-assistant	M 21.8 13 L 20 13 L 20 21 L 13 21 L 13 17.67 L 15.79 14.88 L 16.5 15 C 17.66 15 18.6 14.06 18.6 12.9 C 18.6 11.74 17.66 10.8 16.5 10.8 C 15.34 10.8 14.4 11.74 14.4 12.9 L 14.5 13.61 L 13 15.13 L 13 9.65 C 13.66 9.29 14.1 8.6 14.1 7.8 C 14.1 6.64 13.16 5.7 12 5.7 C 10.84 5.7 9.9 6.64 9.9 7.8 C 9.9 8.6 10.34 9.29 11 9.65 L 11 15.13 L 9.5 13.61 L 9.6 12.9 C 9.6 11.74 8.66 10.8 7.5 10.8 C 6.34 10.8 5.4 11.74 5.4 12.9 C 5.4 14.06 6.34 15 7.5 15 L 8.21 14.88 L 11 17.67 L 11 21 L 4 21 L 4 13 L 2.25 13 C 1.83 13 1.42 13 1.42 12.79 C 1.43 12.57 1.85 12.15 2.28 11.72 L 11 3 C 11.33 2.67 11.67 2.33 12 2.33 C 12.33 2.33 12.67 2.67 13 3 L 17 7 L 17 6 L 19 6 L 19 9 L 21.78 11.78 C 22.18 12.18 22.59 12.59 22.6 12.8 C 22.6 13 22.2 13 21.8 13 M 7.5 12 C 7.997 12 8.4 12.403 8.4 12.9 C 8.4 13.397 7.997 13.8 7.5 13.8 C 7.003 13.8 6.6 13.397 6.6 12.9 C 6.6 12.403 7.003 12 7.5 12 M 16.5 12 C 17 12 17.4 12.4 17.4 12.9 C 17.4 13.4 17 13.8 16.5 13.8 C 16.003 13.8 15.6 13.397 15.6 12.9 C 15.6 12.403 16.003 12 16.5 12 M 12 6.9 C 12.5 6.9 12.9 7.3 12.9 7.8 C 12.9 8.3 12.5 8.7 12 8.7 C 11.5 8.7 11.1 8.3 11.1 7.8 C 11.1 7.3 11.5 6.9 12 6.9 Z
home-outline	M 12 5.69 L 17 10.19 L 17 18 L 15 18 L 15 12 L 9 12 L 9 18 L 7 18 L 7 10.19 L 12 5.69 M 12 3 L 2 12 L 5 12 L 5 20 L 11 20 L 11 14 L 13 14 L 13 20 L 19 20 L 19 12 L 22 12
kettle	M 12.5 3 C 7.81 3 4 5.69 4 9 L 4 9 C 4 10.19 4.5 11.34 5.44 12.33 C 4.53 13.5 4 14.96 4 16.5 C 4 17.64 4 18.83 4 20 C 4 21.11 4.89 22 6 22 L 19 22 C 20.11 22 21 21.11 21 20 C 21 18.85 21 17.61 21 16.5 C 21 15.28 20.66 14.07 20 13 L 22 11 L 19 8 L 16.9 10.1 C 15.58 9.38 14.05 9 12.5 9 C 10.65 9 8.95 9.53 7.55 10.41 C 7.19 9.97 7 9.5 7 9 C 7 7.21 9.46 5.75 12.5 5.75 L 12.5 5.75 C 13.93 5.75 15.3 6.08 16.33 6.67 L 18.35 4.65 C 16.77 3.59 14.68 3 12.5 3 M 12.5 11 C 12.84 11 13.17 11.04 13.5 11.09 C 10.39 11.57 8 14.25 8 17.5 L 8 20 L 6 20 L 6 17.5 C 6 13.91 8.91 11 12.5 11 Z
keyboard	M 19 10 L 17 10 L 17 8 L 19 8 M 19 13 L 17 13 L 17 11 L 19 11 M 16 10 L 14 10 L 14 8 L 16 8 M 16 13 L 14 13 L 14 11 L 16 11 M 16 17 L 8 17 L 8 15 L 16 15 M 7 10 L 5 10 L 5 8 L 7 8 M 7 13 L 5 13 L 5 11 L 7 11 M 8 11 L 10 11 L 10 13 L 8 13 M 8 8 L 10 8 L 10 10 L 8 10 M 11 11 L 13 11 L 13 13 L 11 13 M 11 8 L 13 8 L 13 10 L 11 10 M 20 5 L 4 5 C 2.89 5 2 5.89 2 7 L 2 17 C 2 18.105 2.895 19 4 19 L 20 19 C 21.105 19 22 18.105 22 17 L 22 7 C 22 5.89 21.1 5 20 5 Z
lamp	M 8 2 L 16 2 L 20 14 L 4 14 L 8 2 M 11 15 L 13 15 L 13 20 L 18 20 L 18 22 L 6 22 L 6 20 L 11 20 L 11 15 Z
laptop	M 4 6 L 20 6 L 20 16 L 4 16 M 20 18 C 21.105 18 22 17.105 22 16 L 22 6 C 22 4.89 21.1 4 20 4 L 4 4 C 2.89 4 2 4.89 2 6 L 2 16 C 2 17.105 2.895 18 4 18 L 0 18 L 0 20 L 24 20 L 24 18 L 20 18 Z
leaf	M 17 8 C 8 10 5.9 16.17 3.82 21.34 L 5.71 22 L 6.66 19.7 C 7.14 19.87 7.64 20 8 20 C 19 20 22 3 22 3 C 21 5 14 5.25 9 6.25 C 4 7.25 2 11.5 2 13.5 C 2 15.5 3.75 17.25 3.75 17.25 C 7 8 17 8 17 8 Z
led-strip-variant	M 2.95 3 L 2 6.91 L 19.34 11.25 L 20.29 7.34 L 2.95 3 M 6.09 6.89 L 4.16 6.41 L 4.64 4.46 L 6.57 4.94 L 6.09 6.89 M 9.94 7.86 L 8 7.38 L 8.5 5.42 L 10.42 5.91 L 9.94 7.86 M 13.8 8.82 L 11.87 8.34 L 12.35 6.39 L 14.27 6.87 L 13.8 8.82 M 17.65 9.79 L 15.72 9.31 L 16.2 7.35 L 18.13 7.84 L 17.65 9.79 M 4.66 12.75 L 3.71 16.66 L 21.05 21 L 22 17.1 L 4.66 12.75 M 7.8 16.65 L 5.88 16.16 L 6.35 14.21 L 8.28 14.69 L 7.8 16.65 M 11.65 17.61 L 9.73 17.13 L 10.2 15.18 L 12.13 15.66 L 11.65 17.61 M 15.5 18.58 L 13.58 18.09 L 14.06 16.14 L 16 16.62 L 15.5 18.58 M 19.36 19.54 L 17.43 19.06 L 17.91 17.11 L 19.84 17.59 L 19.36 19.54 M 6.25 12.11 L 11 10.2 L 17.75 11.89 L 13 13.8 L 6.25 12.11 Z
lightbulb	M 12 2 C 8.134 2 5 5.134 5 9 C 5 11.38 6.19 13.47 8 14.74 L 8 17 C 8 17.552 8.448 18 9 18 L 15 18 C 15.552 18 16 17.552 16 17 L 16 14.74 C 17.81 13.47 19 11.38 19 9 C 19 5.134 15.866 2 12 2 M 9 21 C 9 21.552 9.448 22 10 22 L 14 22 C 14.552 22 15 21.552 15 21 L 15 20 L 9 20 L 9 21 Z
lightbulb-off	M 12 2 C 9.76 2 7.78 3.05 6.5 4.68 L 16.31 14.5 C 17.94 13.21 19 11.24 19 9 C 19 5.134 15.866 2 12 2 M 3.28 4 L 2 5.27 L 5.04 8.3 C 5 8.53 5 8.76 5 9 C 5 11.38 6.19 13.47 8 14.74 L 8 17 C 8 17.552 8.448 18 9 18 L 14.73 18 L 18.73 22 L 20 20.72 L 3.28 4 M 9 20 L 9 21 C 9 21.552 9.448 22 10 22 L 14 22 C 14.552 22 15 21.552 15 21 L 15 20 L 9 20 Z
lightning-bolt	M 11 15 L 6 15 L 13 1 L 13 9 L 18 9 L 11 23 L 11 15 Z
lock	M 12 17 C 13.105 17 14 16.105 14 15 C 14 13.89 13.1 13 12 13 C 10.895 13 10 13.895 10 15 C 10 16.105 10.895 17 12 17 M 18 8 C 19.105 8 20 8.895 20 10 L 20 20 C 20 21.105 19.105 22 18 22 L 6 22 C 4.895 22 4 21.105 4 20 L 4 10 C 4 8.89 4.9 8 6 8 L 7 8 L 7 6 C 7 3.239 9.239 1 12 1 C 14.761 1 17 3.239 17 6 L 17 8 L 18 8 M 12 3 C 10.343 3 9 4.343 9 6 L 9 8 L 15 8 L 15 6 C 15 4.343 13.657 3 12 3 Z
lock-open	M 18 8 C 19.105 8 20 8.895 20 10 L 20 20 C 20 21.105 19.105 22 18 22 L 6 22 C 4.89 22 4 21.1 4 20 L 4 10 C 4 8.895 4.895 8 6 8 L 15 8 L 15 6 C 15 4.343 13.657 3 12 3 C 10.343 3 9 4.343 9 6 L 7 6 C 7 3.239 9.239 1 12 1 C 14.761 1 17 3.239 17 6 L 17 8 L 18 8 M 12 17 C 13.105 17 14 16.105 14 15 C 14 13.895 13.105 13 12 13 C 10.895 13 10 13.895 10 15 C 10 16.105 10.895 17 12 17 Z
map-marker-radius	M 12 2 C 15.31 2 18 4.66 18 7.95 C 18 12.41 12 19 12 19 C 12 19 6 12.41 6 7.95 C 6 4.66 8.69 2 12 2 M 12 6 C 10.895 6 10 6.895 10 8 C 10 9.105 10.895 10 12 10 C 13.105 10 14 9.105 14 8 C 14 6.895 13.105 6 12 6 M 20 19 C 20 21.21 16.42 23 12 23 C 7.58 23 4 21.21 4 19 C 4 17.71 5.22 16.56 7.11 15.83 L 7.75 16.74 C 6.67 17.19 6 17.81 6 18.5 C 6 19.88 8.69 21 12 21 C 15.31 21 18 19.88 18 18.5 C 18 17.81 17.33 17.19 16.25 16.74 L 16.89 15.83 C 18.78 16.56 20 17.71 20 19 Z
meter-gas	M 16 4 L 15 4 L 15 2 L 13 2 L 13 4 L 11 4 L 11 2 L 9 2 L 9 4 L 8 4 C 5.79 4 4 5.79 4 8 L 4 18 C 4 20.21 5.79 22 8 22 L 16 22 C 18.21 22 20 20.21 20 18 L 20 8 C 20 5.79 18.21 4 16 4 M 12 18 C 10.62 18 9.5 16.9 9.5 15.54 C 9.5 14.45 9.93 14.15 12 11.75 C 14.05 14.13 14.5 14.45 14.5 15.54 C 14.5 16.9 13.38 18 12 18 M 16 10 L 8 10 L 8 8 L 16 8 L 16 10 Z
microwave	M 4 5 C 2.895 5 2 5.895 2 7 L 2 17 C 2 18.105 2.895 19 4 19 L 20 19 C 21.105 19 22 18.105 22 17 L 22 7 C 22 5.895 21.105 5 20 5 L 4 5 M 4 7 L 16 7 L 16 17 L 4 17 L 4 7 M 19 7 C 19.552 7 20 7.448 20 8 C 20 8.552 19.552 9 19 9 C 18.448 9 18 8.552 18 8 C 18 7.448 18.448 7 19 7 M 13 9 L 13 15 L 15 15 L 15 9 L 13 9 M 19 11 C 19.552 11 20 11.448 20 12 C 20 12.552 19.552 13 19 13 C 18.448 13 18 12.552 18 12 C 18 11.448 18.448 11 19 11 Z
molecule-co2	M 5 7 C 3.895 7 3 7.895 3 9 L 3 15 C 3 16.105 3.895 17 5 17 L 8 17 L 8 15 L 5 15 L 5 9 L 8 9 L 8 7 L 5 7 M 11 7 C 9.895 7 9 7.895 9 9 L 9 15 C 9 16.105 9.895 17 11 17 L 13 17 C 14.105 17 15 16.105 15 15 L 15 9 C 15 7.895 14.105 7 13 7 L 11 7 M 11 9 L 13 9 L 13 15 L 11 15 L 11 9 M 16 10.5 L 16 12 L 19 12 L 19 13.5 L 17.5 13.5 C 16.672 13.5 16 14.172 16 15 L 16 18 L 20.5 18 L 20.5 16.5 L 17.5 16.5 L 17.5 15 L 19 15 C 19.828 15 20.5 14.328 20.5 13.5 L 20.5 12 C 20.5 11.172 19.828 10.5 19 10.5 L 16 10.5 Z
motion-sensor	M 10 0.2 C 9 0.2 8.2 1 8.2 2 C 8.2 3 9 3.8 10 3.8 C 11 3.8 11.8 3 11.8 2 C 11.8 1 11 0.2 10 0.2 M 15.67 1 C 15.67 5.048 18.952 8.33 23 8.33 L 23 7 C 19.686 7 17 4.314 17 1 L 15.67 1 M 18.33 1 C 18.33 3.58 20.42 5.67 23 5.67 L 23 4.33 C 21.16 4.33 19.67 2.84 19.67 1 L 18.33 1 M 21 1 C 21 2.105 21.895 3 23 3 L 23 1 L 21 1 M 7.92 4.03 C 7.75 4.03 7.58 4.06 7.42 4.11 L 2 5.8 L 2 11 L 3.8 11 L 3.8 7.33 L 5.91 6.67 L 2 22 L 3.8 22 L 6.67 13.89 L 9 17 L 9 22 L 10.8 22 L 10.8 15.59 L 8.31 11.05 L 9.04 8.18 L 10.12 10 L 15 10 L 15 8.2 L 11.38 8.2 L 9.38 4.87 C 9.08 4.37 8.54 4.03 7.92 4.03 Z
motion-sensor-off	M 11.4 8.2 L 15 8.2 L 15 10 L 13.2 10 L 11.4 8.2 M 19.67 1 L 18.33 1 C 18.33 3.58 20.42 5.67 23 5.67 L 23 4.33 C 21.16 4.33 19.67 2.84 19.67 1 M 21 1 C 21 2.11 21.9 3 23 3 L 23 1 L 21 1 M 17 1 L 15.67 1 C 15.67 5.05 18.95 8.33 23 8.33 L 23 7 C 19.69 7 17 4.31 17 1 M 10 3.8 C 11 3.8 11.8 3 11.8 2 C 11.8 1 11 0.2 10 0.2 C 9 0.2 8.2 1 8.2 2 C 8.2 3 9 3.8 10 3.8 M 2.39 1.73 L 1.11 3 L 3.46 5.35 L 2 5.8 L 2 11 L 3.8 11 L 3.8 7.33 L 5.05 6.94 L 5.68 7.57 L 2 22 L 3.8 22 L 6.67 13.89 L 9 17 L 9 22 L 10.8 22 L 10.8 15.59 L 8.31 11.05 L 8.5 10.37 L 20.84 22.73 L 22.11 21.46 L 2.39 1.73 M 9.38 4.87 C 9.08 4.37 8.54 4.03 7.92 4.03 C 7.75 4.03 7.58 4.06 7.42 4.11 L 7.34 4.14 L 11.35 8.15 L 9.38 4.87 Z
music	M 21 3 L 21 15.5 C 21 17.433 19.433 19 17.5 19 C 15.567 19 14 17.433 14 15.5 C 14 13.567 15.567 12 17.5 12 C 18.04 12 18.55 12.12 19 12.34 L 19 6.47 L 9 8.6 L 9 17.5 C 9 19.433 7.433 21 5.5 21 C 3.567 21 2 19.433 2 17.5 C 2 15.567 3.567 14 5.5 14 C 6.04 14 6.55 14.12 7 14.34 L 7 6 L 21 3 Z
package-up	M 20.54 5.23 C 20.83 5.57 21 6 21 6.5 L 21 19 C 21 20.105 20.105 21 19 21 L 5 21 C 3.895 21 3 20.105 3 19 L 3 6.5 C 3 6 3.17 5.57 3.46 5.23 L 4.84 3.55 C 5.12 3.21 5.53 3 6 3 L 18 3 C 18.47 3 18.88 3.21 19.15 3.55 L 20.54 5.23 M 5.12 5 L 18.87 5 L 17.93 4 L 5.93 4 L 5.12 5 M 12 9.5 L 6.5 15 L 10 15 L 10 17 L 14 17 L 14 15 L 17.5 15 L 12 9.5 Z
palette	M 17.5 12 C 16.672 12 16 11.328 16 10.5 C 16 9.672 16.672 9 17.5 9 C 18.328 9 19 9.672 19 10.5 C 19 11.328 18.328 12 17.5 12 M 14.5 8 C 13.672 8 13 7.328 13 6.5 C 13 5.672 13.672 5 14.5 5 C 15.328 5 16 5.672 16 6.5 C 16 7.328 15.328 8 14.5 8 M 9.5 8 C 8.672 8 8 7.328 8 6.5 C 8 5.672 8.672 5 9.5 5 C 10.328 5 11 5.672 11 6.5 C 11 7.328 10.328 8 9.5 8 M 6.5 12 C 5.672 12 5 11.328 5 10.5 C 5 9.672 5.672 9 6.5 9 C 7.328 9 8 9.672 8 10.5 C 8 11.328 7.328 12 6.5 12 M 12 3 C 7.029 3 3 7.029 3 12 C 3 16.971 7.029 21 12 21 C 12.828 21 13.5 20.328 13.5 19.5 C 13.5 19.11 13.35 18.76 13.11 18.5 C 12.88 18.23 12.73 17.88 12.73 17.5 C 12.73 16.672 13.402 16 14.23 16 L 16 16 C 18.761 16 21 13.761 21 11 C 21 6.58 16.97 3 12 3 Z
pause	M 14 19 L 18 19 L 18 5 L 14 5 M 6 19 L 10 19 L 10 5 L 6 5 L 6 19 Z
play	M 8 5.14 L 8 19.14 L 19 12.14 L 8 5.14 Z
plus	M 19 13 L 13 13 L 13 19 L 11 19 L 11 13 L 5 13 L 5 11 L 11 11 L 11 5 L 13 5 L 13 11 L 19 11 L 19 13 Z
pool	M 2 15 C 3.67 14.25 5.33 13.5 7 13.17 L 7 5 C 7 3.343 8.343 2 10 2 C 11.31 2 12.42 2.83 12.83 4 L 10 4 C 9.448 4 9 4.448 9 5 L 9 6 L 14 6 L 14 5 C 14 3.343 15.343 2 17 2 C 18.31 2 19.42 2.83 19.83 4 L 17 4 C 16.448 4 16 4.448 16 5 L 16 14.94 C 18 14.62 20 13 22 13 L 22 15 C 19.78 15 17.56 17 15.33 17 C 13.11 17 10.89 15 8.67 15 C 6.44 15 4.22 16 2 17 L 2 15 M 14 8 L 9 8 L 9 10 L 14 10 L 14 8 M 14 12 L 9 12 L 9 13 C 10.67 13.16 12.33 14.31 14 14.79 L 14 12 M 2 19 C 4.22 18 6.44 17 8.67 17 C 10.89 17 13.11 19 15.33 19 C 17.56 19 19.78 17 22 17 L 22 19 C 19.78 19 17.56 21 15.33 21 C 13.11 21 10.89 19 8.67 19 C 6.44 19 4.22 20 2 21 L 2 19 Z
power-plug	M 16 7 L 16 3 L 14 3 L 14 7 L 10 7 L 10 3 L 8 3 L 8 7 L 8 7 C 7 7 6 8 6 9 L 6 14.5 L 9.5 18 L 9.5 21 L 14.5 21 L 14.5 18 L 18 14.5 L 18 9 C 18 8 17 7 16 7 Z
power-plug-off	M 20.84 22.73 L 15.31 17.2 L 14.5 18 L 14.5 21 L 9.5 21 L 9.5 18 L 6 14.5 L 6 9 C 6 8.7 6.1 8.41 6.25 8.14 L 1.11 3 L 2.39 1.73 L 22.11 21.46 L 20.84 22.73 M 18 14.5 L 18 9 C 18 8 17 7 16 7 L 16 3 L 14 3 L 14 7 L 10.2 7 L 17.85 14.65 L 18 14.5 M 10 3 L 8 3 L 8 4.8 L 10 6.8 L 10 3 Z
power-socket-au	M 4.22 2 C 2.994 2 2 2.994 2 4.22 L 2 19.78 C 2 21 3 22 4.22 22 L 19.78 22 C 21.006 22 22 21.006 22 19.78 L 22 4.22 C 22 3 21 2 19.78 2 L 4.22 2 M 12 4 C 16.418 4 20 7.582 20 12 C 20 16.418 16.418 20 12 20 C 7.582 20 4 16.418 4 12 C 4 7.582 7.582 4 12 4 M 8.27 7.54 L 6.27 11 L 8 12 L 10 8.54 L 8.27 7.54 M 15.73 7.54 L 14 8.54 L 16 12 L 17.73 11 L 15.73 7.54 M 11 14 L 11 18 L 13 18 L 13 14 L 11 14 Z
printer	M 18 3 L 6 3 L 6 7 L 18 7 M 19 12 C 18.448 12 18 11.552 18 11 C 18 10.448 18.448 10 19 10 C 19.552 10 20 10.448 20 11 C 20 11.552 19.552 12 19 12 M 16 19 L 8 19 L 8 14 L 16 14 M 19 8 L 5 8 C 3.343 8 2 9.343 2 11 L 2 17 L 6 17 L 6 21 L 18 21 L 18 17 L 22 17 L 22 11 C 22 9.343 20.657 8 19 8 Z
progress-clock	M 13 2.03 L 13 2.05 L 13 4.05 C 17.39 4.59 20.5 8.58 19.96 12.97 C 19.5 16.61 16.64 19.5 13 19.93 L 13 21.93 C 18.5 21.38 22.5 16.5 21.95 11 C 21.5 6.25 17.73 2.5 13 2.03 M 11 2.06 C 9.05 2.25 7.19 3 5.67 4.26 L 7.1 5.74 C 8.22 4.84 9.57 4.26 11 4.06 L 11 2.06 M 4.26 5.67 C 3 7.19 2.25 9.04 2.05 11 L 4.05 11 C 4.24 9.58 4.8 8.23 5.69 7.1 L 4.26 5.67 M 2.06 13 C 2.26 14.96 3.03 16.81 4.27 18.33 L 5.69 16.9 C 4.81 15.77 4.24 14.42 4.06 13 L 2.06 13 M 7.1 18.37 L 5.67 19.74 C 7.18 21 9.04 21.79 11 22 L 11 20 C 9.58 19.82 8.23 19.25 7.1 18.37 M 12.5 7 L 12.5 12.25 L 17 14.92 L 16.25 16.15 L 11 13 L 11 7 L 12.5 7 Z
radiator	M 7.95 3 L 6.53 5.19 L 7.95 7.4 L 7.94 7.4 L 5.95 10.5 L 4.22 9.6 L 5.64 7.39 L 4.22 5.19 L 6.22 2.09 L 7.95 3 M 13.95 2.89 L 12.53 5.1 L 13.95 7.3 L 13.94 7.31 L 11.95 10.4 L 10.22 9.5 L 11.64 7.3 L 10.22 5.1 L 12.22 2 L 13.95 2.89 M 20 2.89 L 18.56 5.1 L 20 7.3 L 20 7.31 L 18 10.4 L 16.25 9.5 L 17.67 7.3 L 16.25 5.1 L 18.25 2 L 20 2.89 M 2 22 L 2 14 C 2 12.895 2.895 12 4 12 L 20 12 C 21.105 12 22 12.895 22 14 L 22 22 L 20 22 L 20 20 L 4 20 L 4 22 L 2 22 M 6 14 C 5.448 14 5 14.448 5 15 L 5 17 C 5 17.552 5.448 18 6 18 C 6.552 18 7 17.552 7 17 L 7 15 C 7 14.448 6.552 14 6 14 M 10 14 C 9.448 14 9 14.448 9 15 L 9 17 C 9 17.552 9.448 18 10 18 C 10.552 18 11 17.552 11 17 L 11 15 C 11 14.448 10.552 14 10 14 M 14 14 C 13.448 14 13 14.448 13 15 L 13 17 C 13 17.552 13.448 18 14 18 C 14.552 18 15 17.552 15 17 L 15 15 C 15 14.448 14.552 14 14 14 M 18 14 C 17.448 14 17 14.448 17 15 L 17 17 C 17 17.552 17.448 18 18 18 C 18.552 18 19 17.552 19 17 L 19 15 C 19 14.448 18.552 14 18 14 Z
radiobox-blank	M 12 20 C 7.582 20 4 16.418 4 12 C 4 7.582 7.582 4 12 4 C 16.418 4 20 7.582 20 12 C 20 16.418 16.418 20 12 20 M 12 2 C 6.477 2 2 6.477 2 12 C 2 17.523 6.477 22 12 22 C 17.523 22 22 17.523 22 12 C 22 6.477 17.523 2 12 2 Z
ray-vertex	M 2 11 L 9.17 11 C 9.58 9.83 10.69 9 12 9 C 13.31 9 14.42 9.83 14.83 11 L 22 11 L 22 13 L 14.83 13 C 14.42 14.17 13.31 15 12 15 C 10.69 15 9.58 14.17 9.17 13 L 2 13 L 2 11 Z
recycle	M 21.82 15.42 L 19.32 19.75 C 18.83 20.61 17.92 21.06 17 21 L 15 21 L 15 23 L 12.5 18.5 L 15 14 L 15 16 L 17.82 16 L 15.6 12.15 L 19.93 9.65 L 21.73 12.77 C 22.25 13.54 22.32 14.57 21.82 15.42 M 9.21 3.06 L 14.21 3.06 C 15.19 3.06 16.04 3.63 16.45 4.45 L 17.45 6.19 L 19.18 5.19 L 16.54 9.6 L 11.39 9.69 L 13.12 8.69 L 11.71 6.24 L 9.5 10.09 L 5.16 7.59 L 6.96 4.47 C 7.37 3.64 8.22 3.06 9.21 3.06 M 5.05 19.76 L 2.55 15.43 C 2.06 14.58 2.13 13.56 2.64 12.79 L 3.64 11.06 L 1.91 10.06 L 7.05 10.14 L 9.7 14.56 L 7.97 13.56 L 6.56 16 L 11 16 L 11 21 L 7.4 21 C 6.47 21.07 5.55 20.61 5.05 19.76 Z
robot	M 12 2 C 13.105 2 14 2.895 14 4 C 14 4.74 13.6 5.39 13 5.73 L 13 7 L 14 7 C 17.866 7 21 10.134 21 14 L 22 14 C 22.552 14 23 14.448 23 15 L 23 18 C 23 18.552 22.552 19 22 19 L 21 19 L 21 20 C 21 21.105 20.105 22 19 22 L 5 22 C 3.895 22 3 21.105 3 20 L 3 19 L 2 19 C 1.448 19 1 18.552 1 18 L 1 15 C 1 14.448 1.448 14 2 14 L 3 14 C 3 10.134 6.134 7 10 7 L 11 7 L 11 5.73 C 10.4 5.39 10 4.74 10 4 C 10 2.895 10.895 2 12 2 M 7.5 13 C 6.119 13 5 14.119 5 15.5 C 5 16.881 6.119 18 7.5 18 C 8.881 18 10 16.881 10 15.5 C 10 14.119 8.881 13 7.5 13 M 16.5 13 C 15.119 13 14 14.119 14 15.5 C 14 16.881 15.119 18 16.5 18 C 17.881 18 19 16.881 19 15.5 C 19 14.119 17.881 13 16.5 13 Z
robot-off	M 23 15 L 23 18 C 23 18.5 22.64 18.88 22.17 18.97 L 18.97 15.77 C 19 15.68 19 15.59 19 15.5 C 19 14.12 17.88 13 16.5 13 C 16.41 13 16.32 13 16.23 13.03 L 10.2 7 L 11 7 L 11 5.73 C 10.4 5.39 10 4.74 10 4 C 10 2.9 10.9 2 12 2 C 13.1 2 14 2.9 14 4 C 14 4.74 13.6 5.39 13 5.73 L 13 7 L 14 7 C 17.87 7 21 10.13 21 14 L 22 14 C 22.55 14 23 14.45 23 15 M 22.11 21.46 L 20.84 22.73 L 19.89 21.78 C 19.62 21.92 19.32 22 19 22 L 5 22 C 3.9 22 3 21.11 3 20 L 3 19 L 2 19 C 1.45 19 1 18.55 1 18 L 1 15 C 1 14.45 1.45 14 2 14 L 3 14 C 3 11.53 4.29 9.36 6.22 8.11 L 1.11 3 L 2.39 1.73 L 22.11 21.46 M 10 15.5 C 10 14.12 8.88 13 7.5 13 C 6.12 13 5 14.12 5 15.5 C 5 16.88 6.12 18 7.5 18 C 8.88 18 10 16.88 10 15.5 M 16.07 17.96 L 14.04 15.93 C 14.23 16.97 15.04 17.77 16.07 17.96 Z
robot-vacuum	M 12 2 C 14.65 2 17.19 3.06 19.07 4.93 L 17.65 6.35 C 16.15 4.85 14.12 4 12 4 C 9.88 4 7.84 4.84 6.35 6.35 L 4.93 4.93 C 6.81 3.06 9.35 2 12 2 M 3.66 6.5 L 5.11 7.94 C 4.39 9.17 4 10.57 4 12 C 4 16.418 7.582 20 12 20 C 16.418 20 20 16.418 20 12 C 20 10.57 19.61 9.17 18.88 7.94 L 20.34 6.5 C 21.42 8.12 22 10.04 22 12 C 22 17.523 17.523 22 12 22 C 6.477 22 2 17.523 2 12 C 2 10.04 2.58 8.12 3.66 6.5 M 12 6 C 15.314 6 18 8.686 18 12 C 18 13.59 17.37 15.12 16.24 16.24 L 14.83 14.83 C 14.08 15.58 13.06 16 12 16 C 10.94 16 9.92 15.58 9.17 14.83 L 7.76 16.24 C 6.63 15.12 6 13.59 6 12 C 6 8.686 8.686 6 12 6 M 12 8 C 11.448 8 11 8.448 11 9 C 11 9.552 11.448 10 12 10 C 12.552 10 13 9.552 13 9 C 13 8.448 12.552 8 12 8 Z
router-wireless	M 20.2 5.9 L 21 5.1 C 19.6 3.7 17.8 3 16 3 C 14.2 3 12.4 3.7 11 5.1 L 11.8 5.9 C 13 4.8 14.5 4.2 16 4.2 C 17.5 4.2 19 4.8 20.2 5.9 M 19.3 6.7 C 18.4 5.8 17.2 5.3 16 5.3 C 14.8 5.3 13.6 5.8 12.7 6.7 L 13.5 7.5 C 14.2 6.8 15.1 6.5 16 6.5 C 16.9 6.5 17.8 6.8 18.5 7.5 L 19.3 6.7 M 19 13 L 17 13 L 17 9 L 15 9 L 15 13 L 5 13 C 3.895 13 3 13.895 3 15 L 3 19 C 3 20.105 3.895 21 5 21 L 19 21 C 20.105 21 21 20.105 21 19 L 21 15 C 21 13.895 20.105 13 19 13 M 8 18 L 6 18 L 6 16 L 8 16 L 8 18 M 11.5 18 L 9.5 18 L 9.5 16 L 11.5 16 L 11.5 18 M 15 18 L 13 18 L 13 16 L 15 16 L 15 18 Z
script-text	M 17.8 20 C 17.4 21.2 16.3 22 15 22 L 5 22 C 3.3 22 2 20.7 2 19 L 2 18 L 5 18 L 14.2 18 C 14.6 19.2 15.7 20 17 20 L 17.8 20 M 19 2 C 20.7 2 22 3.3 22 5 L 22 6 L 20 6 L 20 5 C 20 4.4 19.6 4 19 4 C 18.4 4 18 4.4 18 5 L 18 18 L 17 18 C 16.4 18 16 17.6 16 17 L 16 16 L 5 16 L 5 5 C 5 3.3 6.3 2 8 2 L 19 2 M 8 6 L 8 8 L 15 8 L 15 6 L 8 6 M 8 10 L 8 12 L 14 12 L 14 10 L 8 10 Z
shield	M 12 1 L 3 5 L 3 11 C 3 16.55 6.84 21.74 12 23 C 17.16 21.74 21 16.55 21 11 L 21 5 L 12 1 Z
shield-home	M 11 13 L 13 13 L 13 16 L 16 16 L 16 11 L 18 11 L 12 6 L 6 11 L 8 11 L 8 16 L 11 16 L 11 13 M 12 1 L 21 5 L 21 11 C 21 16.55 17.16 21.74 12 23 C 6.84 21.74 3 16.55 3 11 L 3 5 L 12 1 Z
shield-lock	M 12 1 L 3 5 L 3 11 C 3 16.55 6.84 21.74 12 23 C 17.16 21.74 21 16.55 21 11 L 21 5 L 12 1 M 12 7 C 13.4 7 14.8 8.1 14.8 9.5 L 14.8 11 C 15.4 11 16 11.6 16 12.3 L 16 15.8 C 16 16.4 15.4 17 14.7 17 L 9.2 17 C 8.6 17 8 16.4 8 15.7 L 8 12.2 C 8 11.6 8.6 11 9.2 11 L 9.2 9.5 C 9.2 8.1 10.6 7 12 7 M 12 8.2 C 11.2 8.2 10.5 8.7 10.5 9.5 L 10.5 11 L 13.5 11 L 13.5 9.5 C 13.5 8.7 12.8 8.2 12 8.2 Z
shield-off	M 1 4.27 L 2.28 3 L 20.5 21.22 L 19.23 22.5 L 17 20.25 C 15.57 21.57 13.87 22.54 12 23 C 6.84 21.74 3 16.55 3 11 L 3 6.27 L 1 4.27 M 12 1 L 21 5 L 21 11 C 21 13.28 20.35 15.5 19.23 17.41 L 5.65 3.82 L 12 1 Z
shower	M 21 14 L 21 15 C 21 16.91 19.93 18.57 18.35 19.41 L 19 22 L 17 22 L 16.5 20 C 16.33 20 16.17 20 16 20 L 8 20 C 7.83 20 7.67 20 7.5 20 L 7 22 L 5 22 L 5.65 19.41 C 4.07 18.57 3 16.91 3 15 L 3 14 L 2 14 L 2 12 L 20 12 L 20 5 C 20 4.448 19.552 4 19 4 C 18.5 4 18.12 4.34 18 4.79 C 18.63 5.33 19 6.13 19 7 L 13 7 C 13 5.343 14.343 4 16 4 C 16.06 4 16.11 4 16.17 4 C 16.58 2.84 17.69 2 19 2 C 20.657 2 22 3.343 22 5 L 22 14 L 21 14 L 21 14 M 19 14 L 5 14 L 5 15 C 5 16.657 6.343 18 8 18 L 16 18 C 17.657 18 19 16.657 19 15 L 19 14 Z
sine-wave	M 16.5 21 C 13.5 21 12.31 16.76 11.05 12.28 C 10.14 9.04 9 5 7.5 5 C 4.11 5 4 11.93 4 12 L 2 12 C 2 11.63 2.06 3 7.5 3 C 10.5 3 11.71 7.25 12.97 11.74 C 13.83 14.8 15 19 16.5 19 C 19.94 19 20.03 12.07 20.03 12 L 22.03 12 C 22.03 12.37 21.97 21 16.5 21 Z
skip-next	M 16 18 L 18 18 L 18 6 L 16 6 M 6 18 L 14.5 12 L 6 6 L 6 18 Z
skip-previous	M 6 18 L 6 6 L 8 6 L 8 18 L 6 18 M 9.5 12 L 18 6 L 18 18 L 9.5 12 Z
smoke-detector	M 12 18 C 15.314 18 18 15.314 18 12 C 18 8.68 15.31 6 12 6 C 8.68 6 6 8.68 6 12 C 6 15.314 8.686 18 12 18 M 19 3 C 20.105 3 21 3.895 21 5 L 21 19 C 21 20.105 20.105 21 19 21 L 5 21 C 3.89 21 3 20.1 3 19 L 3 5 C 3 3.89 3.89 3 5 3 L 19 3 M 8 12 C 8 9.791 9.791 8 12 8 C 14.209 8 16 9.791 16 12 C 16 14.209 14.209 16 12 16 C 9.791 16 8 14.209 8 12 Z
snowflake	M 20.79 13.95 L 18.46 14.57 L 16.46 13.44 L 16.46 10.56 L 18.46 9.43 L 20.79 10.05 L 21.31 8.12 L 19.54 7.65 L 20 5.88 L 18.07 5.36 L 17.45 7.69 L 15.45 8.82 L 13 7.38 L 13 5.12 L 14.71 3.41 L 13.29 2 L 12 3.29 L 10.71 2 L 9.29 3.41 L 11 5.12 L 11 7.38 L 8.5 8.82 L 6.5 7.69 L 5.92 5.36 L 4 5.88 L 4.47 7.65 L 2.7 8.12 L 3.22 10.05 L 5.55 9.43 L 7.55 10.56 L 7.55 13.45 L 5.55 14.58 L 3.22 13.96 L 2.7 15.89 L 4.47 16.36 L 4 18.12 L 5.93 18.64 L 6.55 16.31 L 8.55 15.18 L 11 16.62 L 11 18.88 L 9.29 20.59 L 10.71 22 L 12 20.71 L 13.29 22 L 14.7 20.59 L 13 18.88 L 13 16.62 L 15.5 15.17 L 17.5 16.3 L 18.12 18.63 L 20 18.12 L 19.53 16.35 L 21.3 15.88 L 20.79 13.95 M 9.5 10.56 L 12 9.11 L 14.5 10.56 L 14.5 13.44 L 12 14.89 L 9.5 13.44 L 9.5 10.56 Z
sofa	M 12.5 7 C 12.5 5.89 13.39 5 14.5 5 L 18 5 C 19.1 5 20 5.9 20 7 L 20 9.16 C 18.84 9.57 18 10.67 18 11.97 L 18 14 L 12.5 14 L 12.5 7 M 6 11.96 L 6 14 L 11.5 14 L 11.5 7 C 11.5 5.89 10.61 5 9.5 5 L 6 5 C 4.9 5 4 5.9 4 7 L 4 9.15 C 5.16 9.56 6 10.67 6 11.96 M 20.66 10.03 C 19.68 10.19 19 11.12 19 12.12 L 19 15 L 5 15 L 5 12 C 5 10.9 4.11 10 3 10 C 1.89 10 1 10.9 1 12 L 1 17 C 1 18.1 1.9 19 3 19 L 3 21 L 5 21 L 5 19 L 19 19 L 19 21 L 21 21 L 21 19 C 22.1 19 23 18.1 23 17 L 23 12 C 23 10.79 21.91 9.82 20.66 10.03 Z
solar-power	M 11.45 2 L 11.45 5.55 L 15 3.77 L 11.45 2 M 10.45 8 L 8 10.46 L 11.75 11.71 L 10.45 8 M 2 11.45 L 3.77 15 L 5.55 11.45 L 2 11.45 M 10 2 L 2 2 L 2 10 C 2.57 10.17 3.17 10.25 3.77 10.25 C 7.35 10.26 10.26 7.35 10.27 3.75 C 10.26 3.16 10.17 2.57 10 2 M 17 22 L 17 16 L 14 16 L 19 7 L 19 13 L 22 13 L 17 22 Z
speaker	M 12 12 C 10.343 12 9 13.343 9 15 C 9 16.657 10.343 18 12 18 C 13.657 18 15 16.657 15 15 C 15 13.343 13.657 12 12 12 M 12 20 C 9.239 20 7 17.761 7 15 C 7 12.239 9.239 10 12 10 C 14.761 10 17 12.239 17 15 C 17 17.761 14.761 20 12 20 M 12 4 C 13.105 4 14 4.895 14 6 C 14 7.105 13.105 8 12 8 C 10.89 8 10 7.1 10 6 C 10 4.89 10.89 4 12 4 M 17 2 L 7 2 C 5.89 2 5 2.89 5 4 L 5 20 C 5 21.105 5.895 22 7 22 L 17 22 C 18.105 22 19 21.105 19 20 L 19 4 C 19 2.89 18.1 2 17 2 Z
speedometer	M 12 16 C 10.343 16 9 14.657 9 13 C 9 11.88 9.61 10.9 10.5 10.39 L 20.21 4.77 L 14.68 14.35 C 14.18 15.33 13.17 16 12 16 M 12 3 C 13.81 3 15.5 3.5 16.97 4.32 L 14.87 5.53 C 14 5.19 13 5 12 5 C 7.582 5 4 8.582 4 13 C 4 15.21 4.89 17.21 6.34 18.65 L 6.35 18.65 C 6.74 19.04 6.74 19.67 6.35 20.06 C 5.96 20.45 5.32 20.45 4.93 20.07 L 4.93 20.07 C 3.12 18.26 2 15.76 2 13 C 2 7.477 6.477 3 12 3 M 22 13 C 22 15.76 20.88 18.26 19.07 20.07 L 19.07 20.07 C 18.68 20.45 18.05 20.45 17.66 20.06 C 17.27 19.67 17.27 19.04 17.66 18.65 L 17.66 18.65 C 19.11 17.2 20 15.21 20 13 C 20 12 19.81 11 19.46 10.1 L 20.67 8 C 21.5 9.5 22 11.18 22 13 Z
sprinkler	M 11 7 L 13 7 L 13 9 L 11 9 L 11 7 M 5 22 L 9 22 L 9 10 L 5 10 L 5 22 M 14 11 L 16 11 L 16 9 L 14 9 L 14 11 M 17 10 L 19 10 L 19 8 L 17 8 L 17 10 M 17 5 L 17 7 L 19 7 L 19 5 L 17 5 M 14 8 L 16 8 L 16 6 L 14 6 L 14 8 M 17 13 L 19 13 L 19 11 L 17 11 L 17 13 M 5 7 L 5.33 7 L 6 9 L 8 9 L 8.67 7 L 9 7 L 9 6 L 5 6 L 5 7 Z
square-outline	M 3 3 L 21 3 L 21 21 L 3 21 L 3 3 M 5 5 L 5 19 L 19 19 L 19 5 L 5 5 Z
stove	M 6 14 L 8 14 L 11 17 L 9 17 L 6 14 M 4 4 L 5 4 L 5 3 C 5 2.448 5.448 2 6 2 L 10 2 C 10.552 2 11 2.448 11 3 L 11 4 L 13 4 L 13 3 C 13 2.448 13.448 2 14 2 L 18 2 C 18.552 2 19 2.448 19 3 L 19 4 L 20 4 C 21.105 4 22 4.895 22 6 L 22 19 C 22 20.105 21.105 21 20 21 L 20 22 L 17 22 L 17 21 L 7 21 L 7 22 L 4 22 L 4 21 C 2.895 21 2 20.105 2 19 L 2 6 C 2 4.895 2.895 4 4 4 M 18 7 C 18.552 7 19 7.448 19 8 C 19 8.552 18.552 9 18 9 C 17.448 9 17 8.552 17 8 C 17 7.448 17.448 7 18 7 M 14 7 C 14.552 7 15 7.448 15 8 C 15 8.552 14.552 9 14 9 C 13.448 9 13 8.552 13 8 C 13 7.448 13.448 7 14 7 M 20 6 L 4 6 L 4 10 L 20 10 L 20 6 M 4 19 L 20 19 L 20 12 L 4 12 L 4 19 M 6 7 C 6.552 7 7 7.448 7 8 C 7 8.552 6.552 9 6 9 C 5.448 9 5 8.552 5 8 C 5 7.448 5.448 7 6 7 M 13 14 L 15 14 L 18 17 L 16 17 L 13 14 Z
string-lights	M 22.56 11.39 C 22.36 10.59 21.82 9.85 21.05 9.44 L 20.63 7.74 C 21.11 7.58 21.57 7.41 22 7.23 L 22 5 C 20 6.07 16.53 7.03 12 7.03 C 7.47 7.03 4 6.07 2 5 L 2 7.23 C 2.43 7.41 2.89 7.58 3.37 7.74 L 2.95 9.44 C 2.18 9.85 1.64 10.59 1.44 11.39 C 0.905 13.57 0.385 17.31 2.92 17.93 C 4 18.2 6 17.89 7.27 12.82 C 7.46 12 7.33 11.12 6.84 10.39 L 7.26 8.67 C 8.14 8.81 9.05 8.9 10 8.96 L 10 10.74 C 9.35 11.33 9 12.17 9 13 C 9 15.24 9.39 19 12 19 C 13.12 19 15 18.22 15 13 C 15 12.17 14.65 11.33 14 10.74 L 14 8.96 C 14.95 8.9 15.86 8.81 16.74 8.67 L 17.16 10.39 C 16.67 11.12 16.54 12 16.73 12.82 C 18 17.89 20 18.2 21.08 17.93 C 23.61 17.31 23.09 13.57 22.56 11.39 M 5.81 12.47 C 5.81 12.47 4.74 16.84 3.28 16.5 C 1.82 16.12 2.9 11.75 2.9 11.75 C 2.9 11.75 3.26 10.29 4.71 10.65 C 6.16 11.01 5.81 12.47 5.81 12.47 M 12 17.5 C 10.5 17.5 10.5 13 10.5 13 C 10.5 13 10.5 11.5 12 11.5 C 13.5 11.5 13.5 13 13.5 13 C 13.5 13 13.5 17.5 12 17.5 M 20.72 16.5 C 19.27 16.84 18.19 12.47 18.19 12.47 C 18.19 12.47 17.83 11 19.29 10.65 C 20.75 10.3 21.1 11.75 21.1 11.75 C 21.1 11.75 22.18 16.12 20.72 16.5 Z
television	M 21 17 L 3 17 L 3 5 L 21 5 M 21 3 L 3 3 C 1.895 3 1 3.895 1 5 L 1 17 C 1 18.105 1.895 19 3 19 L 8 19 L 8 21 L 16 21 L 16 19 L 21 19 C 22.105 19 23 18.105 23 17 L 23 5 C 23 3.895 22.105 3 21 3 Z
thermometer	M 15 13 L 15 5 C 15 3.343 13.657 2 12 2 C 10.343 2 9 3.343 9 5 L 9 13 C 7.278 14.291 6.576 16.539 7.257 18.581 C 7.937 20.623 9.848 22 12 22 C 14.152 22 16.063 20.623 16.743 18.581 C 17.424 16.539 16.722 14.291 15 13 M 12 4 C 12.552 4 13 4.448 13 5 L 13 8 L 11 8 L 11 5 C 11 4.448 11.448 4 12 4 Z
thermostat	M 16.95 16.95 L 14.83 14.83 C 15.55 14.1 16 13.1 16 12 C 16 11.26 15.79 10.57 15.43 10 L 17.6 7.81 C 18.5 9 19 10.43 19 12 C 19 13.93 18.22 15.68 16.95 16.95 M 12 5 C 13.57 5 15 5.5 16.19 6.4 L 14 8.56 C 13.43 8.21 12.74 8 12 8 C 9.791 8 8 9.791 8 12 C 8 13.1 8.45 14.1 9.17 14.83 L 7.05 16.95 C 5.78 15.68 5 13.93 5 12 C 5 8.134 8.134 5 12 5 M 12 2 C 6.477 2 2 6.477 2 12 C 2 17.523 6.477 22 12 22 C 17.523 22 22 17.523 22 12 C 22 6.47 17.5 2 12 2 Z
toggle-switch-off-outline	M 17 6 L 7 6 C 3.69 6 1 8.69 1 12 C 1 15.31 3.69 18 7 18 L 17 18 C 20.31 18 23 15.31 23 12 C 23 8.69 20.31 6 17 6 Z M 17 16 L 7 16 C 4.79 16 3 14.21 3 12 C 3 9.79 4.79 8 7 8 L 17 8 C 19.21 8 21 9.79 21 12 C 21 14.21 19.21 16 17 16 Z M 7 9 C 5.34 9 4 10.34 4 12 C 4 13.66 5.34 15 7 15 C 8.66 15 10 13.66 10 12 C 10 10.34 8.66 9 7 9 Z
toggle-switch-outline	M 17 6 L 7 6 C 3.69 6 1 8.69 1 12 C 1 15.31 3.69 18 7 18 L 17 18 C 20.31 18 23 15.31 23 12 C 23 8.69 20.31 6 17 6 M 17 16 L 7 16 C 4.79 16 3 14.21 3 12 C 3 9.79 4.79 8 7 8 L 17 8 C 19.21 8 21 9.79 21 12 C 21 14.21 19.21 16 17 16 M 17 9 C 15.34 9 14 10.34 14 12 C 14 13.66 15.34 15 17 15 C 18.66 15 20 13.66 20 12 C 20 10.34 18.66 9 17 9 Z
toggle-switch-variant	M 18.4 1.6 C 18 1.2 17.5 1 17 1 L 7 1 C 6.5 1 6 1.2 5.6 1.6 C 5.2 2 5 2.5 5 3 L 5 21 C 5 21.5 5.2 22 5.6 22.4 C 6 22.8 6.5 23 7 23 L 17 23 C 17.5 23 18 22.8 18.4 22.4 C 18.8 22 19 21.5 19 21 L 19 3 C 19 2.5 18.8 2 18.4 1.6 M 16 7 C 16 7.6 15.6 8 15 8 L 9 8 C 8.4 8 8 7.6 8 7 L 8 5 C 8 4.4 8.4 4 9 4 L 15 4 C 15.6 4 16 4.4 16 5 L 16 7 Z
toggle-switch-variant-off	M 5.6 1.6 C 6 1.2 6.5 1 7 1 L 17 1 C 17.5 1 18 1.2 18.4 1.6 C 18.8 2 19 2.5 19 3 L 19 21 C 19 21.5 18.8 22 18.4 22.4 C 18 22.8 17.5 23 17 23 L 7 23 C 6.5 23 6 22.8 5.6 22.4 C 5.2 22 5 21.5 5 21 L 5 3 C 5 2.5 5.2 2 5.6 1.6 M 8 3 C 7.4 3 7 3.4 7 4 L 7 20 C 7 20.6 7.4 21 8 21 L 16 21 C 16.6 21 17 20.6 17 20 L 17 4 C 17 3.4 16.6 3 16 3 L 8 3 M 8 17 C 8 16.4 8.4 16 9 16 L 15 16 C 15.6 16 16 16.4 16 17 L 16 19 C 16 19.6 15.6 20 15 20 L 9 20 C 8.4 20 8 19.6 8 19 L 8 17 Z
trash-can	M 9 3 L 9 4 L 4 4 L 4 6 L 5 6 L 5 19 C 5 20.105 5.895 21 7 21 L 17 21 C 18.105 21 19 20.105 19 19 L 19 6 L 20 6 L 20 4 L 15 4 L 15 3 L 9 3 M 9 8 L 11 8 L 11 17 L 9 17 L 9 8 M 13 8 L 15 8 L 15 17 L 13 17 L 13 8 Z
tumble-dryer	M 6 2 L 18 2 C 19.105 2 20 2.895 20 4 L 20 20 C 20 21.105 19.105 22 18 22 L 6 22 C 4.895 22 4 21.105 4 20 L 4 4 C 4 2.895 4.895 2 6 2 M 7 4 C 6.448 4 6 4.448 6 5 C 6 5.552 6.448 6 7 6 C 7.552 6 8 5.552 8 5 C 8 4.448 7.552 4 7 4 M 10 4 C 9.448 4 9 4.448 9 5 C 9 5.552 9.448 6 10 6 C 10.552 6 11 5.552 11 5 C 11 4.448 10.552 4 10 4 M 12 8 C 8.686 8 6 10.686 6 14 C 6 17.314 8.686 20 12 20 C 15.314 20 18 17.314 18 14 C 18 10.686 15.314 8 12 8 M 8.11 10.5 L 10 10.5 C 9.76 11.88 10 12.67 10.58 13.29 C 11.68 14.36 12.16 15.71 11.89 17.5 L 10 17.5 C 10.24 16.12 10 15.33 9.42 14.71 C 8.32 13.64 7.85 12.29 8.11 10.5 M 12.11 10.5 L 14 10.5 C 13.76 11.88 14 12.67 14.58 13.29 C 15.68 14.36 16.16 15.71 15.89 17.5 L 14 17.5 C 14.24 16.12 14 15.33 13.42 14.71 C 12.32 13.64 11.85 12.29 12.11 10.5 Z
vibrate	M 16 19 L 8 19 L 8 5 L 16 5 M 16.5 3 L 7.5 3 C 6.672 3 6 3.672 6 4.5 L 6 19.5 C 6 20.328 6.672 21 7.5 21 L 16.5 21 C 17.328 21 18 20.328 18 19.5 L 18 4.5 C 18 3.672 17.328 3 16.5 3 M 19 17 L 21 17 L 21 7 L 19 7 M 22 9 L 22 15 L 24 15 L 24 9 M 3 17 L 5 17 L 5 7 L 3 7 M 0 15 L 2 15 L 2 9 L 0 9 L 0 15 Z
video	M 17 10.5 L 17 7 C 17 6.448 16.552 6 16 6 L 4 6 C 3.448 6 3 6.448 3 7 L 3 17 C 3 17.552 3.448 18 4 18 L 16 18 C 16.552 18 17 17.552 17 17 L 17 13.5 L 21 17.5 L 21 6.5 L 17 10.5 Z
volume-high	M 14 3.23 L 14 5.29 C 16.89 6.15 19 8.83 19 12 C 19 15.17 16.89 17.84 14 18.7 L 14 20.77 C 18 19.86 21 16.28 21 12 C 21 7.72 18 4.14 14 3.23 M 16.5 12 C 16.5 10.23 15.5 8.71 14 7.97 L 14 16 C 15.5 15.29 16.5 13.76 16.5 12 M 3 9 L 3 15 L 7 15 L 12 20 L 12 4 L 7 9 L 3 9 Z
washing-machine	M 14.83 11.17 C 16.39 12.73 16.39 15.27 14.83 16.83 C 13.27 18.39 10.73 18.39 9.17 16.83 L 14.83 11.17 M 6 2 L 18 2 C 19.105 2 20 2.895 20 4 L 20 20 C 20 21.105 19.105 22 18 22 L 6 22 C 4.895 22 4 21.105 4 20 L 4 4 C 4 2.895 4.895 2 6 2 M 7 4 C 6.448 4 6 4.448 6 5 C 6 5.552 6.448 6 7 6 C 7.552 6 8 5.552 8 5 C 8 4.448 7.552 4 7 4 M 10 4 C 9.448 4 9 4.448 9 5 C 9 5.552 9.448 6 10 6 C 10.552 6 11 5.552 11 5 C 11 4.448 10.552 4 10 4 M 12 8 C 8.686 8 6 10.686 6 14 C 6 17.314 8.686 20 12 20 C 15.314 20 18 17.314 18 14 C 18 10.686 15.314 8 12 8 Z
water	M 12 20 C 8.686 20 6 17.314 6 14 C 6 10 12 3.25 12 3.25 C 12 3.25 18 10 18 14 C 18 17.314 15.314 20 12 20 Z
water-alert	M 10 3.25 C 10 3.25 16 10 16 14 C 16 17.31 13.31 20 10 20 C 6.69 20 4 17.31 4 14 C 4 10 10 3.25 10 3.25 M 20 7 L 20 13 L 18 13 L 18 7 L 20 7 M 18 17 L 20 17 L 20 15 L 18 15 L 18 17 Z
water-boiler	M 8 2 C 6.89 2 6 2.89 6 4 L 6 16 C 6 17.11 6.89 18 8 18 L 9 18 L 9 20 L 6 20 L 6 22 L 9 22 C 10.11 22 11 21.11 11 20 L 11 18 L 13 18 L 13 20 C 13 21.11 13.89 22 15 22 L 18 22 L 18 20 L 15 20 L 15 18 L 16 18 C 17.11 18 18 17.11 18 16 L 18 4 C 18 2.89 17.11 2 16 2 L 8 2 M 12 4.97 C 13.105 4.97 14 5.865 14 6.97 C 14 8.075 13.105 8.97 12 8.97 C 10.895 8.97 10 8.075 10 6.97 C 10 5.865 10.895 4.97 12 4.97 M 10 14.5 L 14 14.5 L 14 16 L 10 16 L 10 14.5 Z
water-percent	M 12 3.25 C 12 3.25 6 10 6 14 C 6 17.32 8.69 20 12 20 C 15.314 20 18 17.314 18 14 C 18 10 12 3.25 12 3.25 M 14.47 9.97 L 15.53 11.03 L 9.53 17.03 L 8.47 15.97 M 9.75 10 C 10.44 10 11 10.56 11 11.25 C 11 11.94 10.44 12.5 9.75 12.5 C 9.06 12.5 8.5 11.94 8.5 11.25 C 8.5 10.56 9.06 10 9.75 10 M 14.25 14.5 C 14.94 14.5 15.5 15.06 15.5 15.75 C 15.5 16.44 14.94 17 14.25 17 C 13.56 17 13 16.44 13 15.75 C 13 15.06 13.56 14.5 14.25 14.5 Z
weather-cloudy	M 6 19 C 3.239 19 1 16.761 1 14 C 1 11.239 3.239 9 6 9 C 7 6.65 9.3 5 12 5 C 15.43 5 18.24 7.66 18.5 11.03 L 19 11 C 21.209 11 23 12.791 23 15 C 23 17.209 21.209 19 19 19 L 6 19 M 19 13 L 17 13 L 17 12 C 17 9.239 14.761 7 12 7 C 9.5 7 7.45 8.82 7.06 11.19 C 6.73 11.07 6.37 11 6 11 C 4.343 11 3 12.343 3 14 C 3 15.657 4.343 17 6 17 L 19 17 C 20.105 17 21 16.105 21 15 C 21 13.895 20.105 13 19 13 Z
weather-fog	M 3 15 L 13 15 C 13.552 15 14 15.448 14 16 C 14 16.552 13.552 17 13 17 L 3 17 C 2.448 17 2 16.552 2 16 C 2 15.448 2.448 15 3 15 M 16 15 L 21 15 C 21.552 15 22 15.448 22 16 C 22 16.552 21.552 17 21 17 L 16 17 C 15.448 17 15 16.552 15 16 C 15 15.448 15.448 15 16 15 M 1 12 C 1 9.239 3.239 7 6 7 C 7 4.65 9.3 3 12 3 C 15.43 3 18.24 5.66 18.5 9.03 L 19 9 C 21.19 9 22.97 10.76 23 13 L 21 13 C 21 11.895 20.105 11 19 11 L 17 11 L 17 10 C 17 7.239 14.761 5 12 5 C 9.5 5 7.45 6.82 7.06 9.19 C 6.73 9.07 6.37 9 6 9 C 4.343 9 3 10.343 3 12 C 3 12.35 3.06 12.69 3.17 13 L 1.1 13 L 1 12 M 3 19 L 5 19 C 5.552 19 6 19.448 6 20 C 6 20.552 5.552 21 5 21 L 3 21 C 2.448 21 2 20.552 2 20 C 2 19.448 2.448 19 3 19 M 8 19 L 21 19 C 21.552 19 22 19.448 22 20 C 22 20.552 21.552 21 21 21 L 8 21 C 7.448 21 7 20.552 7 20 C 7 19.448 7.448 19 8 19 Z
weather-hail	M 6 14 C 6.552 14 7 14.448 7 15 C 7 15.552 6.552 16 6 16 C 3.239 16 1 13.761 1 11 C 1 8.239 3.239 6 6 6 C 7 3.65 9.3 2 12 2 C 15.43 2 18.24 4.66 18.5 8.03 L 19 8 C 21.209 8 23 9.791 23 12 C 23 14.209 21.209 16 19 16 L 18 16 C 17.448 16 17 15.552 17 15 C 17 14.448 17.448 14 18 14 L 19 14 C 20.105 14 21 13.105 21 12 C 21 10.895 20.105 10 19 10 L 17 10 L 17 9 C 17 6.239 14.761 4 12 4 C 9.5 4 7.45 5.82 7.06 8.19 C 6.73 8.07 6.37 8 6 8 C 4.343 8 3 9.343 3 11 C 3 12.657 4.343 14 6 14 M 10 18 C 11.105 18 12 18.895 12 20 C 12 21.105 11.105 22 10 22 C 8.895 22 8 21.105 8 20 C 8 18.895 8.895 18 10 18 M 14.5 16 C 15.328 16 16 16.672 16 17.5 C 16 18.328 15.328 19 14.5 19 C 13.672 19 13 18.328 13 17.5 C 13 16.672 13.672 16 14.5 16 M 10.5 12 C 11.328 12 12 12.672 12 13.5 C 12 14.328 11.328 15 10.5 15 C 9.672 15 9 14.328 9 13.5 C 9 12.672 9.672 12 10.5 12 Z
weather-lightning	M 6 16 C 3.239 16 1 13.761 1 11 C 1 8.239 3.239 6 6 6 C 7 3.65 9.3 2 12 2 C 15.43 2 18.24 4.66 18.5 8.03 L 19 8 C 21.209 8 23 9.791 23 12 C 23 14.209 21.209 16 19 16 L 18 16 C 17.448 16 17 15.552 17 15 C 17 14.448 17.448 14 18 14 L 19 14 C 20.105 14 21 13.105 21 12 C 21 10.895 20.105 10 19 10 L 17 10 L 17 9 C 17 6.239 14.761 4 12 4 C 9.5 4 7.45 5.82 7.06 8.19 C 6.73 8.07 6.37 8 6 8 C 4.343 8 3 9.343 3 11 C 3 12.657 4.343 14 6 14 L 7 14 C 7.552 14 8 14.448 8 15 C 8 15.552 7.552 16 7 16 L 6 16 M 12 11 L 15 11 L 13 15 L 15 15 L 11.25 22 L 12 17 L 9.5 17 L 12 11 Z
weather-lightning-rainy	M 4.5 13.59 C 5 13.87 5.14 14.5 4.87 14.96 C 4.59 15.44 4 15.6 3.5 15.33 L 3.5 15.33 C 2 14.47 1 12.85 1 11 C 1 8.239 3.239 6 6 6 C 7 3.65 9.3 2 12 2 C 15.43 2 18.24 4.66 18.5 8.03 L 19 8 C 21.209 8 23 9.791 23 12 C 23 14.209 21.209 16 19 16 C 18.448 16 18 15.552 18 15 C 18 14.448 18.448 14 19 14 C 20.105 14 21 13.105 21 12 C 21 10.895 20.105 10 19 10 L 17 10 L 17 9 C 17 6.239 14.761 4 12 4 C 9.5 4 7.45 5.82 7.06 8.19 C 6.73 8.07 6.37 8 6 8 C 4.343 8 3 9.343 3 11 C 3 12.11 3.6 13.08 4.5 13.6 L 4.5 13.59 M 9.5 11 L 12.5 11 L 10.5 15 L 12.5 15 L 8.75 22 L 9.5 17 L 7 17 L 9.5 11 M 17.5 18.67 C 17.5 19.96 16.5 21 15.25 21 C 14 21 13 19.96 13 18.67 C 13 17.12 15.25 14.5 15.25 14.5 C 15.25 14.5 17.5 17.12 17.5 18.67 Z
weather-night	M 17.75 4.09 L 15.22 6.03 L 16.13 9.09 L 13.5 7.28 L 10.87 9.09 L 11.78 6.03 L 9.25 4.09 L 12.44 4 L 13.5 1 L 14.56 4 L 17.75 4.09 M 21.25 11 L 19.61 12.25 L 20.2 14.23 L 18.5 13.06 L 16.8 14.23 L 17.39 12.25 L 15.75 11 L 17.81 10.95 L 18.5 9 L 19.19 10.95 L 21.25 11 M 18.97 15.95 C 19.8 15.87 20.69 17.05 20.16 17.8 C 19.84 18.25 19.5 18.67 19.08 19.07 C 15.17 23 8.84 23 4.94 19.07 C 1.03 15.17 1.03 8.83 4.94 4.93 C 5.34 4.53 5.76 4.17 6.21 3.85 C 6.96 3.32 8.14 4.21 8.06 5.04 C 7.79 7.9 8.75 10.87 10.95 13.06 C 13.14 15.26 16.1 16.22 18.97 15.95 M 17.33 17.97 C 14.5 17.81 11.7 16.64 9.53 14.5 C 7.36 12.31 6.2 9.5 6.04 6.68 C 3.23 9.82 3.34 14.64 6.35 17.66 C 9.37 20.67 14.19 20.78 17.33 17.97 Z
weather-night-partly-cloudy	M 22 10.28 C 21.74 10.3 21.5 10.31 21.26 10.31 C 19.32 10.31 17.39 9.57 15.91 8.09 C 14.25 6.44 13.5 4.19 13.72 2 C 13.77 1.53 13.22 1 12.71 1 C 12.57 1 12.44 1.04 12.32 1.12 C 12 1.36 11.66 1.64 11.36 1.94 C 9.05 4.24 8.55 7.66 9.84 10.46 C 8.31 11.11 7.13 12.43 6.69 14.06 L 6 14 C 3.791 14 2 15.791 2 18 C 2 20.209 3.791 22 6 22 L 19 22 C 20.657 22 22 20.657 22 19 C 22 17.343 20.657 16 19 16 C 18.42 16 17.88 16.16 17.42 16.45 L 17.5 15.5 C 17.5 15.28 17.5 15.05 17.46 14.83 C 19.14 14.67 20.77 13.94 22.06 12.64 C 22.38 12.34 22.64 12 22.88 11.68 C 23.27 11.13 22.65 10.28 22.04 10.28 M 19 18 C 19.552 18 20 18.448 20 19 C 20 19.552 19.552 20 19 20 L 6 20 C 4.895 20 4 19.105 4 18 C 4 16.895 4.895 16 6 16 L 8.5 16 L 8.5 15.5 C 8.5 13.94 9.53 12.64 10.94 12.18 C 11.1 12.13 11.26 12.09 11.43 12.06 C 11.61 12.03 11.8 12 12 12 C 12.23 12 12.45 12.03 12.66 12.07 C 12.73 12.08 12.8 12.1 12.87 12.13 C 13 12.16 13.15 12.2 13.28 12.25 C 13.36 12.28 13.44 12.32 13.5 12.36 C 13.63 12.41 13.74 12.47 13.84 12.54 C 13.92 12.59 14 12.64 14.07 12.7 C 14.17 12.77 14.25 12.84 14.34 12.92 C 14.41 13 14.5 13.05 14.55 13.12 C 14.63 13.2 14.69 13.29 14.76 13.37 C 14.82 13.45 14.89 13.53 14.94 13.62 C 15 13.71 15.04 13.8 15.09 13.9 C 15.14 14 15.2 14.08 15.24 14.18 C 15.41 14.59 15.5 15.03 15.5 15.5 L 15.5 18 M 16.83 12.86 C 15.9 11.16 14.08 10 12 10 L 11.87 10 C 11.41 9.19 11.14 8.26 11.14 7.29 C 11.14 6.31 11.39 5.37 11.86 4.55 C 12.21 6.41 13.12 8.14 14.5 9.5 C 15.86 10.88 17.58 11.79 19.45 12.14 C 18.66 12.6 17.76 12.84 16.83 12.86 Z
weather-partly-cloudy	M 12.74 5.47 C 15.1 6.5 16.35 9.03 15.92 11.46 C 17.19 12.56 18 14.19 18 16 L 18 16.17 C 18.31 16.06 18.65 16 19 16 C 20.657 16 22 17.343 22 19 C 22 20.657 20.657 22 19 22 L 6 22 C 3.791 22 2 20.209 2 18 C 2 15.791 3.791 14 6 14 L 6.27 14 C 5 12.45 4.6 10.24 5.5 8.26 C 6.72 5.5 9.97 4.24 12.74 5.47 M 11.93 7.3 C 10.16 6.5 8.09 7.31 7.31 9.07 C 6.85 10.09 6.93 11.22 7.41 12.13 C 8.5 10.83 10.16 10 12 10 C 12.7 10 13.38 10.12 14 10.34 C 13.94 9.06 13.18 7.86 11.93 7.3 M 13.55 3.64 C 13 3.4 12.45 3.23 11.88 3.12 L 14.37 1.82 L 15.27 4.71 C 14.76 4.29 14.19 3.93 13.55 3.64 M 6.09 4.44 C 5.6 4.79 5.17 5.19 4.8 5.63 L 4.91 2.82 L 7.87 3.5 C 7.25 3.71 6.65 4.03 6.09 4.44 M 18 9.71 C 17.91 9.12 17.78 8.55 17.59 8 L 19.97 9.5 L 17.92 11.73 C 18.03 11.08 18.05 10.4 18 9.71 M 3.04 11.3 C 3.11 11.9 3.24 12.47 3.43 13 L 1.06 11.5 L 3.1 9.28 C 3 9.93 2.97 10.61 3.04 11.3 M 19 18 L 16 18 L 16 16 C 16 13.791 14.209 12 12 12 C 9.791 12 8 13.791 8 16 L 6 16 C 4.895 16 4 16.895 4 18 C 4 19.105 4.895 20 6 20 L 19 20 C 19.552 20 20 19.552 20 19 C 20 18.448 19.552 18 19 18 Z
weather-pouring	M 9 12 C 9.53 12.14 9.85 12.69 9.71 13.22 L 8.41 18.05 C 8.27 18.59 7.72 18.9 7.19 18.76 C 6.65 18.62 6.34 18.07 6.5 17.54 L 7.78 12.71 C 7.92 12.17 8.47 11.86 9 12 M 13 12 C 13.53 12.14 13.85 12.69 13.71 13.22 L 11.64 20.95 C 11.5 21.5 10.95 21.8 10.41 21.66 C 9.88 21.5 9.56 20.97 9.7 20.43 L 11.78 12.71 C 11.92 12.17 12.47 11.86 13 12 M 17 12 C 17.53 12.14 17.85 12.69 17.71 13.22 L 16.41 18.05 C 16.27 18.59 15.72 18.9 15.19 18.76 C 14.65 18.62 14.34 18.07 14.5 17.54 L 15.78 12.71 C 15.92 12.17 16.47 11.86 17 12 M 17 10 L 17 9 C 17 6.239 14.761 4 12 4 C 9.5 4 7.45 5.82 7.06 8.19 C 6.73 8.07 6.37 8 6 8 C 4.343 8 3 9.343 3 11 C 3 12.11 3.6 13.08 4.5 13.6 L 4.5 13.59 C 5 13.87 5.14 14.5 4.87 14.96 C 4.59 15.43 4 15.6 3.5 15.32 L 3.5 15.33 C 2 14.47 1 12.85 1 11 C 1 8.239 3.239 6 6 6 C 7 3.65 9.3 2 12 2 C 15.43 2 18.24 4.66 18.5 8.03 L 19 8 C 21.209 8 23 9.791 23 12 C 23 13.5 22.2 14.77 21 15.46 L 21 15.46 C 20.5 15.73 19.91 15.57 19.63 15.09 C 19.36 14.61 19.5 14 20 13.72 L 20 13.73 C 20.6 13.39 21 12.74 21 12 C 21 10.895 20.105 10 19 10 L 17 10 Z
weather-rainy	M 6 14.03 C 6.552 14.03 7 14.478 7 15.03 C 7 15.58 6.55 16.03 6 16.03 C 3.24 16.03 1 13.79 1 11.03 C 1 8.27 3.24 6.03 6 6.03 C 7 3.68 9.3 2.03 12 2.03 C 15.43 2.03 18.24 4.69 18.5 8.06 L 19 8.03 C 21.209 8.03 23 9.821 23 12.03 C 23 14.23 21.21 16.03 19 16.03 L 18 16.03 C 17.45 16.03 17 15.58 17 15.03 C 17 14.47 17.45 14.03 18 14.03 L 19 14.03 C 20.105 14.03 21 13.135 21 12.03 C 21 10.925 20.105 10.03 19 10.03 L 17 10.03 L 17 9.03 C 17 6.27 14.76 4.03 12 4.03 C 9.5 4.03 7.45 5.84 7.06 8.21 C 6.73 8.09 6.37 8.03 6 8.03 C 4.343 8.03 3 9.373 3 11.03 C 3 12.687 4.343 14.03 6 14.03 M 12 14.15 C 12.18 14.39 12.37 14.66 12.56 14.94 C 13 15.56 14 17.03 14 18 C 14 19.11 13.1 20 12 20 C 10.895 20 10 19.105 10 18 C 10 17.03 11 15.56 11.44 14.94 C 11.63 14.66 11.82 14.4 12 14.15 M 12 11.03 L 11.5 11.59 C 11.5 11.59 10.65 12.55 9.79 13.81 C 8.93 15.06 8 16.56 8 18 C 8 20.209 9.791 22 12 22 C 14.209 22 16 20.209 16 18 C 16 16.56 15.07 15.06 14.21 13.81 C 13.35 12.55 12.5 11.59 12.5 11.59
weather-snowy	M 6 14 C 6.552 14 7 14.448 7 15 C 7 15.552 6.552 16 6 16 C 3.239 16 1 13.761 1 11 C 1 8.239 3.239 6 6 6 C 7 3.65 9.3 2 12 2 C 15.43 2 18.24 4.66 18.5 8.03 L 19 8 C 21.209 8 23 9.791 23 12 C 23 14.209 21.209 16 19 16 L 18 16 C 17.448 16 17 15.552 17 15 C 17 14.448 17.448 14 18 14 L 19 14 C 20.105 14 21 13.105 21 12 C 21 10.895 20.105 10 19 10 L 17 10 L 17 9 C 17 6.239 14.761 4 12 4 C 9.5 4 7.45 5.82 7.06 8.19 C 6.73 8.07 6.37 8 6 8 C 4.343 8 3 9.343 3 11 C 3 12.657 4.343 14 6 14 M 7.88 18.07 L 10.07 17.5 L 8.46 15.88 C 8.07 15.5 8.07 14.86 8.46 14.46 C 8.85 14.07 9.5 14.07 9.88 14.46 L 11.5 16.07 L 12.07 13.88 C 12.21 13.34 12.76 13.03 13.29 13.17 C 13.83 13.31 14.14 13.86 14 14.4 L 13.41 16.59 L 15.6 16 C 16.14 15.86 16.69 16.17 16.83 16.71 C 16.97 17.24 16.66 17.79 16.12 17.93 L 13.93 18.5 L 15.54 20.12 C 15.93 20.5 15.93 21.15 15.54 21.54 C 15.15 21.93 14.5 21.93 14.12 21.54 L 12.5 19.93 L 11.93 22.12 C 11.79 22.66 11.24 22.97 10.71 22.83 C 10.17 22.69 9.86 22.14 10 21.6 L 10.59 19.41 L 8.4 20 C 7.86 20.14 7.31 19.83 7.17 19.29 C 7.03 18.76 7.34 18.21 7.88 18.07 Z
weather-snowy-rainy	M 18.5 18.67 C 18.5 19.96 17.5 21 16.25 21 C 15 21 14 19.96 14 18.67 C 14 17.12 16.25 14.5 16.25 14.5 C 16.25 14.5 18.5 17.12 18.5 18.67 M 4 17.36 C 3.86 16.82 4.18 16.25 4.73 16.11 L 7 15.5 L 5.33 13.86 C 4.93 13.46 4.93 12.81 5.33 12.4 C 5.73 12 6.4 12 6.79 12.4 L 8.45 14.05 L 9.04 11.8 C 9.18 11.24 9.75 10.92 10.29 11.07 C 10.85 11.21 11.17 11.78 11 12.33 L 10.42 14.58 L 12.67 14 C 13.22 13.83 13.79 14.15 13.93 14.71 C 14.08 15.25 13.76 15.82 13.2 15.96 L 10.95 16.55 L 12.6 18.21 C 13 18.6 13 19.27 12.6 19.67 C 12.2 20.07 11.54 20.07 11.15 19.67 L 9.5 18 L 8.89 20.27 C 8.75 20.83 8.18 21.14 7.64 21 C 7.08 20.86 6.77 20.29 6.91 19.74 L 7.5 17.5 L 5.26 18.09 C 4.71 18.23 4.14 17.92 4 17.36 M 1 11 C 1 8.239 3.239 6 6 6 C 7 3.65 9.3 2 12 2 C 15.43 2 18.24 4.66 18.5 8.03 L 19 8 C 21.209 8 23 9.791 23 12 C 23 14.209 21.209 16 19 16 C 18.448 16 18 15.552 18 15 C 18 14.448 18.448 14 19 14 C 20.105 14 21 13.105 21 12 C 21 10.895 20.105 10 19 10 L 17 10 L 17 9 C 17 6.239 14.761 4 12 4 C 9.5 4 7.45 5.82 7.06 8.19 C 6.73 8.07 6.37 8 6 8 C 4.343 8 3 9.343 3 11 C 3 11.85 3.35 12.61 3.91 13.16 C 4.27 13.55 4.26 14.16 3.88 14.54 C 3.5 14.93 2.85 14.93 2.47 14.54 C 1.56 13.63 1 12.38 1 11 Z
weather-sunny	M 12 7 C 14.761 7 17 9.239 17 12 C 17 14.761 14.761 17 12 17 C 9.239 17 7 14.761 7 12 C 7 9.239 9.239 7 12 7 M 12 9 C 10.343 9 9 10.343 9 12 C 9 13.657 10.343 15 12 15 C 13.657 15 15 13.657 15 12 C 15 10.343 13.657 9 12 9 M 12 2 L 14.39 5.42 C 13.65 5.15 12.84 5 12 5 C 11.16 5 10.35 5.15 9.61 5.42 L 12 2 M 3.34 7 L 7.5 6.65 C 6.9 7.16 6.36 7.78 5.94 8.5 C 5.5 9.24 5.25 10 5.11 10.79 L 3.34 7 M 3.36 17 L 5.12 13.23 C 5.26 14 5.53 14.78 5.95 15.5 C 6.37 16.24 6.91 16.86 7.5 17.37 L 3.36 17 M 20.65 7 L 18.88 10.79 C 18.74 10 18.47 9.23 18.05 8.5 C 17.63 7.78 17.1 7.15 16.5 6.64 L 20.65 7 M 20.64 17 L 16.5 17.36 C 17.09 16.85 17.62 16.22 18.04 15.5 C 18.46 14.77 18.73 14 18.87 13.21 L 20.64 17 M 12 22 L 9.59 18.56 C 10.33 18.83 11.14 19 12 19 C 12.82 19 13.63 18.83 14.37 18.56 L 12 22 Z
weather-windy	M 4 10 C 3.448 10 3 9.552 3 9 C 3 8.448 3.448 8 4 8 L 12 8 C 13.105 8 14 7.105 14 6 C 14 4.895 13.105 4 12 4 C 11.45 4 10.95 4.22 10.59 4.59 C 10.2 5 9.56 5 9.17 4.59 C 8.78 4.2 8.78 3.56 9.17 3.17 C 9.9 2.45 10.9 2 12 2 C 14.209 2 16 3.791 16 6 C 16 8.209 14.209 10 12 10 L 4 10 M 19 12 C 19.552 12 20 11.552 20 11 C 20 10.448 19.552 10 19 10 C 18.72 10 18.47 10.11 18.29 10.29 C 17.9 10.68 17.27 10.68 16.88 10.29 C 16.5 9.9 16.5 9.27 16.88 8.88 C 17.42 8.34 18.17 8 19 8 C 20.657 8 22 9.343 22 11 C 22 12.657 20.657 14 19 14 L 5 14 C 4.448 14 4 13.552 4 13 C 4 12.448 4.448 12 5 12 L 19 12 M 18 18 L 4 18 C 3.448 18 3 17.552 3 17 C 3 16.448 3.448 16 4 16 L 18 16 C 19.657 16 21 17.343 21 19 C 21 20.657 19.657 22 18 22 C 17.17 22 16.42 21.66 15.88 21.12 C 15.5 20.73 15.5 20.1 15.88 19.71 C 16.27 19.32 16.9 19.32 17.29 19.71 C 17.47 19.89 17.72 20 18 20 C 18.552 20 19 19.552 19 19 C 19 18.448 18.552 18 18 18 Z
weather-windy-variant	M 6 6 L 6.69 6.06 C 7.32 3.72 9.46 2 12 2 C 15.038 2 17.5 4.462 17.5 7.5 L 17.42 8.45 C 17.88 8.16 18.42 8 19 8 C 20.657 8 22 9.343 22 11 C 22 12.657 20.657 14 19 14 L 6 14 C 3.791 14 2 12.209 2 10 C 2 7.791 3.791 6 6 6 M 6 8 C 4.895 8 4 8.895 4 10 C 4 11.105 4.895 12 6 12 L 19 12 C 19.552 12 20 11.552 20 11 C 20 10.448 19.552 10 19 10 L 15.5 10 L 15.5 7.5 C 15.5 5.567 13.933 4 12 4 C 10.067 4 8.5 5.567 8.5 7.5 L 8.5 8 L 6 8 M 18 18 L 4 18 C 3.448 18 3 17.552 3 17 C 3 16.448 3.448 16 4 16 L 18 16 C 19.657 16 21 17.343 21 19 C 21 20.657 19.657 22 18 22 C 17.17 22 16.42 21.66 15.88 21.12 C 15.5 20.73 15.5 20.1 15.88 19.71 C 16.27 19.32 16.9 19.32 17.29 19.71 C 17.47 19.89 17.72 20 18 20 C 18.552 20 19 19.552 19 19 C 19 18.448 18.552 18 18 18 Z
weight	M 12 3 C 14.209 3 16 4.791 16 7 C 16 7.73 15.81 8.41 15.46 9 L 18 9 C 18.95 9 19.75 9.67 19.95 10.56 C 21.96 18.57 22 18.78 22 19 C 22 20.105 21.105 21 20 21 L 4 21 C 2.895 21 2 20.105 2 19 C 2 18.78 2.04 18.57 4.05 10.56 C 4.25 9.67 5.05 9 6 9 L 8.54 9 C 8.19 8.41 8 7.73 8 7 C 8 4.791 9.791 3 12 3 M 12 5 C 10.895 5 10 5.895 10 7 C 10 8.105 10.895 9 12 9 C 13.105 9 14 8.105 14 7 C 14 5.895 13.105 5 12 5 Z
white-balance-sunny	M 3.55 19.09 L 4.96 20.5 L 6.76 18.71 L 5.34 17.29 M 12 6 C 8.69 6 6 8.69 6 12 C 6 15.31 8.69 18 12 18 C 15.31 18 18 15.31 18 12 C 18 8.68 15.31 6 12 6 M 20 13 L 23 13 L 23 11 L 20 11 M 17.24 18.71 L 19.04 20.5 L 20.45 19.09 L 18.66 17.29 M 20.45 5 L 19.04 3.6 L 17.24 5.39 L 18.66 6.81 M 13 1 L 11 1 L 11 4 L 13 4 M 6.76 5.39 L 4.96 3.6 L 3.55 5 L 5.34 6.81 L 6.76 5.39 M 1 13 L 4 13 L 4 11 L 1 11 M 13 20 L 11 20 L 11 23 L 13 23
wifi	M 12 21 L 15.6 16.2 C 14.6 15.45 13.35 15 12 15 C 10.65 15 9.4 15.45 8.4 16.2 L 12 21 M 12 3 C 7.95 3 4.21 4.34 1.2 6.6 L 3 9 C 5.5 7.12 8.62 6 12 6 C 15.38 6 18.5 7.12 21 9 L 22.8 6.6 C 19.79 4.34 16.05 3 12 3 M 12 9 C 9.3 9 6.81 9.89 4.8 11.4 L 6.6 13.8 C 8.1 12.67 9.97 12 12 12 C 14.03 12 15.9 12.67 17.4 13.8 L 19.2 11.4 C 17.19 9.89 14.7 9 12 9 Z
window-closed	M 6 11 L 10 11 L 10 9 L 14 9 L 14 11 L 18 11 L 18 4 L 6 4 L 6 11 M 18 13 L 6 13 L 6 20 L 18 20 L 18 13 M 6 2 L 18 2 C 19.105 2 20 2.895 20 4 L 20 20 C 20 21.105 19.105 22 18 22 L 6 22 C 4.895 22 4 21.105 4 20 L 4 4 C 4 2.895 4.895 2 6 2 Z
window-open	M 6 8 L 10 8 L 10 6 L 14 6 L 14 8 L 18 8 L 18 4 L 6 4 L 6 8 M 18 10 L 6 10 L 6 15 L 18 15 L 18 10 M 6 20 L 18 20 L 18 17 L 6 17 L 6 20 M 6 2 L 18 2 C 19.105 2 20 2.895 20 4 L 20 20 C 20 21.105 19.105 22 18 22 L 6 22 C 4.895 22 4 21.105 4 20 L 4 4 C 4 2.895 4.895 2 6 2 Z
